date,hour,stationID,AQI,PM2.5,PM2.5_24h,PM10,PM10_24h,SO2,SO2_24h,NO2,NO2_24h,O3,O3_24h,O3_8h,O3_8h_24h,CO,CO_24h
20190801,0,1316A,32.0,15.0,21.0,32.0,46.0,4.0,4.0,26.0,32.0,66.0,151.0,82.0,122.0,0.4,0.4
20190801,1,1316A,23.0,15.0,20.0,23.0,45.0,6.0,4.0,26.0,32.0,57.0,151.0,57.0,57.0,0.5,0.4
20190801,2,1316A,29.0,14.0,20.0,29.0,44.0,4.0,4.0,25.0,31.0,54.0,151.0,56.0,57.0,0.3,0.4
20190801,3,1316A,24.0,14.0,20.0,24.0,43.0,4.0,4.0,27.0,31.0,48.0,151.0,53.0,57.0,0.4,0.4
20190801,4,1316A,33.0,14.0,19.0,33.0,42.0,6.0,4.0,26.0,30.0,47.0,151.0,52.0,57.0,0.7,0.4
20190801,5,1316A,32.0,14.0,19.0,32.0,41.0,4.0,4.0,22.0,29.0,49.0,151.0,51.0,57.0,0.4,0.4
20190801,6,1316A,32.0,15.0,18.0,32.0,40.0,3.0,4.0,34.0,29.0,31.0,151.0,48.0,57.0,0.3,0.4
20190801,7,1316A,44.0,16.0,18.0,44.0,39.0,3.0,4.0,30.0,28.0,30.0,151.0,45.0,57.0,0.4,0.4
20190801,8,1316A,34.0,15.0,17.0,34.0,37.0,5.0,4.0,30.0,26.0,36.0,151.0,44.0,57.0,0.4,0.4
20190801,9,1316A,37.0,14.0,16.0,37.0,36.0,4.0,4.0,28.0,25.0,51.0,151.0,43.0,57.0,0.4,0.4
20190801,10,1316A,39.0,14.0,16.0,39.0,34.0,4.0,4.0,32.0,24.0,66.0,151.0,45.0,57.0,0.5,0.4
20190801,11,1316A,30.0,14.0,15.0,30.0,33.0,3.0,4.0,25.0,24.0,91.0,151.0,50.0,57.0,0.3,0.4
20190801,12,1316A,44.0,14.0,15.0,44.0,34.0,2.0,4.0,22.0,24.0,103.0,151.0,57.0,57.0,0.3,0.3
20190801,13,1316A,35.0,13.0,15.0,34.0,33.0,2.0,4.0,13.0,23.0,111.0,151.0,65.0,65.0,0.2,0.3
20190801,14,1316A,40.0,13.0,14.0,20.0,32.0,2.0,3.0,13.0,23.0,125.0,143.0,77.0,77.0,0.3,0.3
20190801,15,1316A,37.0,13.0,14.0,35.0,32.0,2.0,3.0,15.0,23.0,116.0,127.0,87.0,87.0,0.4,0.3
20190801,16,1316A,,,14.0,,33.0,1.0,3.0,22.0,24.0,104.0,125.0,96.0,96.0,0.4,0.4
20190801,17,1316A,20.0,14.0,14.0,,33.0,1.0,3.0,25.0,24.0,,125.0,102.0,102.0,0.5,0.4
20190801,18,1316A,47.0,12.0,14.0,47.0,34.0,2.0,3.0,,25.0,86.0,125.0,105.0,105.0,0.5,0.4
20190801,19,1316A,44.0,11.0,14.0,44.0,35.0,1.0,3.0,,25.0,87.0,125.0,105.0,105.0,0.4,0.4
20190801,20,1316A,27.0,10.0,14.0,9.0,34.0,1.0,3.0,16.0,25.0,85.0,125.0,102.0,105.0,,0.4
20190801,21,1316A,25.0,9.0,14.0,8.0,33.0,1.0,3.0,15.0,24.0,78.0,125.0,97.0,105.0,0.4,0.4
20190801,22,1316A,23.0,8.0,13.0,3.0,31.0,1.0,3.0,20.0,24.0,72.0,125.0,90.0,105.0,0.4,0.4
20190801,23,1316A,22.0,6.0,13.0,5.0,29.0,1.0,3.0,16.0,23.0,68.0,125.0,83.0,105.0,0.4,0.4
20190802,0,1316A,20.0,4.0,12.0,2.0,28.0,1.0,3.0,13.0,22.0,62.0,125.0,77.0,105.0,0.4,0.4
20190802,1,1316A,20.0,4.0,12.0,5.0,27.0,1.0,2.0,13.0,22.0,61.0,125.0,61.0,61.0,0.4,0.4
20190802,2,1316A,18.0,4.0,12.0,15.0,26.0,1.0,2.0,14.0,21.0,55.0,125.0,58.0,61.0,0.4,0.4
20190802,3,1316A,16.0,4.0,11.0,16.0,26.0,1.0,2.0,23.0,21.0,42.0,125.0,53.0,61.0,0.4,0.4
20190802,4,1316A,15.0,4.0,11.0,10.0,25.0,1.0,2.0,20.0,21.0,47.0,125.0,51.0,61.0,0.4,0.4
20190802,5,1316A,16.0,4.0,10.0,9.0,24.0,1.0,2.0,15.0,21.0,49.0,125.0,51.0,61.0,0.4,0.4
20190802,6,1316A,14.0,4.0,10.0,14.0,23.0,1.0,2.0,19.0,20.0,37.0,125.0,48.0,61.0,0.4,0.4
20190802,7,1316A,14.0,4.0,9.0,14.0,22.0,1.0,2.0,28.0,20.0,31.0,125.0,46.0,61.0,0.5,0.4
20190802,8,1316A,17.0,4.0,9.0,17.0,21.0,1.0,2.0,26.0,20.0,34.0,125.0,44.0,61.0,0.5,0.4
20190802,9,1316A,14.0,4.0,8.0,5.0,19.0,1.0,1.0,22.0,19.0,43.0,125.0,42.0,61.0,0.5,0.4
20190802,10,1316A,20.0,4.0,8.0,20.0,18.0,1.0,1.0,18.0,19.0,56.0,125.0,42.0,61.0,0.5,0.4
20190802,11,1316A,17.0,5.0,7.0,14.0,18.0,1.0,1.0,24.0,19.0,52.0,125.0,44.0,61.0,0.6,0.4
20190802,12,1316A,22.0,4.0,7.0,22.0,17.0,1.0,1.0,16.0,18.0,65.0,125.0,46.0,61.0,0.5,0.4
20190802,13,1316A,24.0,4.0,7.0,9.0,16.0,1.0,1.0,15.0,19.0,76.0,125.0,49.0,61.0,0.5,0.4
20190802,14,1316A,25.0,5.0,6.0,16.0,15.0,2.0,1.0,14.0,19.0,79.0,116.0,54.0,61.0,0.5,0.4
20190802,15,1316A,26.0,6.0,6.0,19.0,15.0,1.0,1.0,16.0,19.0,81.0,104.0,61.0,61.0,0.5,0.5
20190802,16,1316A,26.0,7.0,6.0,19.0,15.0,1.0,1.0,24.0,19.0,82.0,87.0,67.0,67.0,0.6,0.5
20190802,17,1316A,30.0,8.0,6.0,17.0,15.0,1.0,1.0,19.0,18.0,93.0,93.0,73.0,73.0,0.6,0.5
20190802,18,1316A,32.0,7.0,6.0,19.0,14.0,1.0,1.0,18.0,18.0,100.0,100.0,78.0,78.0,0.6,0.5
20190802,19,1316A,30.0,8.0,5.0,21.0,13.0,1.0,1.0,20.0,18.0,93.0,100.0,84.0,84.0,0.5,0.5
20190802,20,1316A,30.0,9.0,5.0,30.0,14.0,1.0,1.0,29.0,19.0,79.0,100.0,85.0,85.0,0.6,0.5
20190802,21,1316A,34.0,11.0,6.0,34.0,15.0,1.0,1.0,28.0,20.0,71.0,100.0,85.0,85.0,0.6,0.5
20190802,22,1316A,33.0,12.0,6.0,33.0,16.0,1.0,1.0,28.0,20.0,66.0,100.0,83.0,85.0,0.6,0.5
20190802,23,1316A,32.0,13.0,6.0,32.0,17.0,2.0,1.0,25.0,20.0,65.0,100.0,81.0,85.0,0.5,0.5
20190803,0,1316A,24.0,13.0,6.0,24.0,18.0,1.0,1.0,28.0,21.0,66.0,100.0,79.0,85.0,0.6,0.5
20190803,1,1316A,38.0,15.0,7.0,38.0,19.0,1.0,1.0,33.0,22.0,56.0,100.0,56.0,56.0,0.5,0.5
20190803,2,1316A,36.0,17.0,7.0,36.0,20.0,1.0,1.0,23.0,22.0,71.0,100.0,64.0,64.0,0.5,0.5
20190803,3,1316A,33.0,17.0,8.0,33.0,21.0,2.0,1.0,19.0,22.0,84.0,100.0,70.0,70.0,0.5,0.5
20190803,4,1316A,39.0,17.0,8.0,39.0,22.0,2.0,1.0,21.0,22.0,76.0,100.0,72.0,72.0,0.5,0.5
20190803,5,1316A,37.0,16.0,9.0,37.0,23.0,2.0,1.0,16.0,22.0,88.0,100.0,75.0,75.0,0.6,0.5
20190803,6,1316A,29.0,16.0,9.0,28.0,24.0,2.0,1.0,15.0,22.0,91.0,100.0,78.0,78.0,0.6,0.5
20190803,7,1316A,33.0,17.0,10.0,33.0,25.0,2.0,1.0,16.0,21.0,89.0,100.0,79.0,79.0,0.7,0.5
20190803,8,1316A,32.0,15.0,10.0,27.0,25.0,2.0,1.0,15.0,21.0,100.0,100.0,82.0,82.0,0.6,0.6
20190803,9,1316A,27.0,15.0,11.0,22.0,26.0,2.0,1.0,17.0,21.0,84.0,100.0,85.0,85.0,0.6,0.6
20190803,10,1316A,29.0,14.0,11.0,16.0,26.0,2.0,1.0,13.0,20.0,92.0,100.0,88.0,88.0,0.6,0.6
20190803,11,1316A,33.0,13.0,12.0,22.0,26.0,2.0,1.0,12.0,20.0,103.0,103.0,90.0,90.0,0.6,0.6
20190803,12,1316A,34.0,13.0,12.0,27.0,26.0,1.0,1.0,11.0,20.0,106.0,106.0,94.0,94.0,0.6,0.6
20190803,13,1316A,37.0,14.0,12.0,20.0,27.0,1.0,1.0,10.0,20.0,117.0,117.0,98.0,98.0,0.6,0.6
20190803,14,1316A,39.0,15.0,13.0,33.0,27.0,1.0,1.0,10.0,19.0,122.0,122.0,102.0,102.0,0.6,0.6
20190803,15,1316A,38.0,15.0,13.0,31.0,28.0,1.0,1.0,10.0,19.0,121.0,122.0,106.0,106.0,0.6,0.6
20190803,16,1316A,39.0,16.0,14.0,39.0,29.0,1.0,1.0,11.0,19.0,120.0,122.0,108.0,108.0,0.6,0.6
20190803,17,1316A,39.0,17.0,14.0,39.0,30.0,1.0,1.0,13.0,18.0,120.0,122.0,113.0,113.0,0.6,0.6
20190803,18,1316A,38.0,18.0,14.0,38.0,30.0,1.0,1.0,14.0,18.0,121.0,122.0,116.0,116.0,0.6,0.6
20190803,19,1316A,43.0,18.0,15.0,40.0,31.0,1.0,1.0,17.0,18.0,137.0,137.0,120.0,120.0,0.6,0.6
20190803,20,1316A,40.0,20.0,15.0,39.0,32.0,2.0,1.0,19.0,18.0,125.0,137.0,123.0,123.0,0.7,0.6
20190803,21,1316A,42.0,20.0,16.0,42.0,32.0,2.0,2.0,18.0,17.0,116.0,137.0,123.0,123.0,0.7,0.6
20190803,22,1316A,41.0,20.0,16.0,41.0,32.0,3.0,2.0,18.0,17.0,117.0,137.0,122.0,123.0,0.6,0.6
20190803,23,1316A,42.0,20.0,16.0,42.0,33.0,2.0,2.0,20.0,17.0,111.0,137.0,121.0,123.0,0.6,0.6
20190804,0,1316A,45.0,22.0,17.0,45.0,34.0,3.0,2.0,19.0,16.0,110.0,137.0,120.0,123.0,0.7,0.6
20190804,1,1316A,41.0,23.0,17.0,41.0,34.0,2.0,2.0,19.0,16.0,95.0,137.0,95.0,95.0,0.7,0.6
20190804,2,1316A,46.0,24.0,17.0,46.0,34.0,2.0,2.0,20.0,16.0,89.0,137.0,92.0,95.0,0.7,0.6
20190804,3,1316A,50.0,27.0,18.0,50.0,35.0,2.0,2.0,24.0,16.0,80.0,137.0,88.0,95.0,0.8,0.6
20190804,4,1316A,53.0,27.0,18.0,55.0,36.0,3.0,2.0,17.0,16.0,83.0,137.0,87.0,95.0,0.8,0.6
20190804,5,1316A,46.0,28.0,19.0,46.0,36.0,2.0,2.0,13.0,15.0,81.0,137.0,86.0,95.0,0.8,0.7
20190804,6,1316A,47.0,30.0,19.0,47.0,37.0,1.0,2.0,13.0,15.0,78.0,137.0,84.0,95.0,0.8,0.7
20190804,7,1316A,45.0,31.0,20.0,44.0,37.0,1.0,2.0,15.0,15.0,69.0,137.0,82.0,95.0,0.8,0.7
20190804,8,1316A,45.0,31.0,20.0,44.0,38.0,1.0,2.0,22.0,16.0,65.0,137.0,80.0,95.0,0.8,0.7
20190804,9,1316A,50.0,35.0,21.0,49.0,39.0,1.0,2.0,21.0,16.0,59.0,137.0,76.0,95.0,0.9,0.7
20190804,10,1316A,53.0,36.0,22.0,55.0,41.0,1.0,2.0,22.0,16.0,54.0,137.0,71.0,95.0,0.9,0.7
20190804,11,1316A,59.0,38.0,23.0,67.0,42.0,1.0,2.0,24.0,17.0,56.0,137.0,68.0,95.0,0.9,0.7
20190804,12,1316A,58.0,40.0,24.0,66.0,44.0,1.0,2.0,20.0,17.0,72.0,137.0,67.0,95.0,0.8,0.7
20190804,13,1316A,59.0,40.0,25.0,67.0,46.0,1.0,2.0,19.0,17.0,89.0,137.0,68.0,95.0,0.8,0.7
20190804,14,1316A,55.0,38.0,26.0,60.0,47.0,1.0,2.0,15.0,18.0,130.0,137.0,74.0,95.0,0.8,0.7
20190804,15,1316A,59.0,38.0,27.0,68.0,49.0,1.0,2.0,16.0,18.0,135.0,137.0,82.0,95.0,0.8,0.7
20190804,16,1316A,57.0,36.0,28.0,64.0,50.0,1.0,2.0,16.0,18.0,142.0,142.0,92.0,95.0,0.7,0.7
20190804,17,1316A,57.0,34.0,29.0,63.0,51.0,1.0,2.0,16.0,18.0,145.0,145.0,103.0,103.0,0.7,0.8
20190804,18,1316A,55.0,26.0,29.0,60.0,52.0,1.0,2.0,20.0,18.0,125.0,145.0,112.0,112.0,0.7,0.8
20190804,19,1316A,41.0,19.0,29.0,41.0,52.0,1.0,2.0,29.0,19.0,96.0,145.0,117.0,117.0,0.6,0.8
20190804,20,1316A,31.0,20.0,29.0,31.0,51.0,1.0,2.0,34.0,20.0,91.0,145.0,119.0,119.0,0.7,0.8
20190804,21,1316A,46.0,22.0,29.0,46.0,52.0,1.0,1.0,39.0,20.0,81.0,145.0,118.0,119.0,0.6,0.8
20190804,22,1316A,58.0,24.0,30.0,65.0,53.0,1.0,1.0,46.0,22.0,69.0,145.0,110.0,119.0,0.7,0.8
20190804,23,1316A,57.0,27.0,30.0,64.0,54.0,1.0,1.0,51.0,23.0,46.0,145.0,99.0,119.0,0.7,0.8
20190805,0,1316A,58.0,29.0,30.0,65.0,54.0,1.0,1.0,48.0,24.0,43.0,145.0,87.0,119.0,0.7,0.8
20190805,1,1316A,58.0,29.0,30.0,65.0,55.0,1.0,1.0,44.0,25.0,37.0,145.0,37.0,37.0,0.6,0.8
20190805,2,1316A,60.0,31.0,31.0,69.0,56.0,2.0,1.0,53.0,27.0,25.0,145.0,31.0,37.0,0.6,0.8
20190805,3,1316A,62.0,30.0,31.0,73.0,57.0,2.0,1.0,54.0,28.0,19.0,145.0,27.0,37.0,0.6,0.7
20190805,4,1316A,57.0,30.0,31.0,64.0,58.0,2.0,1.0,48.0,29.0,24.0,145.0,26.0,37.0,0.6,0.7
20190805,5,1316A,54.0,29.0,31.0,57.0,58.0,2.0,1.0,50.0,31.0,23.0,145.0,26.0,37.0,0.6,0.7
20190805,6,1316A,57.0,29.0,31.0,63.0,59.0,2.0,1.0,54.0,32.0,17.0,145.0,24.0,37.0,0.6,0.7
20190805,7,1316A,54.0,28.0,31.0,58.0,59.0,2.0,1.0,46.0,34.0,21.0,145.0,24.0,37.0,0.6,0.7
20190805,9,1316A,43.0,22.0,30.0,43.0,59.0,2.0,1.0,26.0,34.0,53.0,145.0,27.0,37.0,0.7,0.7
20190805,10,1316A,29.0,20.0,29.0,25.0,58.0,2.0,1.0,25.0,35.0,61.0,145.0,31.0,37.0,0.6,0.7
20190805,11,1316A,31.0,18.0,29.0,31.0,57.0,2.0,1.0,20.0,34.0,84.0,145.0,39.0,39.0,0.6,0.7
20190805,12,1316A,33.0,17.0,28.0,24.0,55.0,1.0,1.0,14.0,34.0,105.0,145.0,50.0,50.0,0.6,0.7
20190805,13,1316A,36.0,16.0,27.0,32.0,53.0,1.0,1.0,10.0,34.0,115.0,145.0,61.0,61.0,0.5,0.6
20190805,15,1316A,43.0,17.0,25.0,43.0,51.0,1.0,1.0,14.0,34.0,120.0,145.0,87.0,87.0,0.6,0.6
20190805,16,1316A,50.0,17.0,24.0,50.0,50.0,1.0,1.0,25.0,34.0,97.0,145.0,95.0,95.0,0.5,0.6
20190805,17,1316A,46.0,18.0,23.0,46.0,50.0,1.0,1.0,34.0,35.0,75.0,126.0,98.0,98.0,0.6,0.6
20190805,18,1316A,32.0,17.0,23.0,4.0,47.0,1.0,1.0,20.0,35.0,101.0,126.0,103.0,103.0,0.6,0.6
20190805,19,1316A,41.0,15.0,23.0,41.0,47.0,1.0,1.0,21.0,34.0,103.0,126.0,105.0,105.0,0.5,0.6
20190805,20,1316A,46.0,14.0,23.0,46.0,48.0,1.0,1.0,36.0,34.0,72.0,126.0,101.0,105.0,0.6,0.6
20190805,21,1316A,41.0,14.0,22.0,41.0,48.0,1.0,1.0,36.0,34.0,56.0,126.0,94.0,105.0,0.6,0.6
20190805,22,1316A,30.0,14.0,22.0,30.0,46.0,1.0,1.0,27.0,34.0,62.0,126.0,86.0,105.0,0.5,0.6
20190805,23,1316A,28.0,13.0,21.0,28.0,45.0,1.0,1.0,41.0,33.0,48.0,126.0,77.0,105.0,0.6,0.6
20190806,0,1316A,45.0,14.0,21.0,45.0,44.0,1.0,1.0,89.0,35.0,8.0,126.0,66.0,105.0,0.7,0.6
20190806,1,1316A,57.0,14.0,20.0,64.0,44.0,1.0,1.0,92.0,37.0,5.0,126.0,5.0,5.0,0.7,0.6
20190806,2,1316A,54.0,15.0,19.0,57.0,44.0,1.0,1.0,90.0,38.0,9.0,126.0,7.0,7.0,0.6,0.6
20190806,3,1316A,52.0,15.0,19.0,53.0,43.0,1.0,1.0,90.0,40.0,13.0,126.0,9.0,9.0,0.6,0.6
20190806,4,1316A,55.0,17.0,18.0,60.0,42.0,2.0,1.0,93.0,42.0,4.0,126.0,8.0,9.0,0.6,0.6
20190806,5,1316A,52.0,17.0,18.0,54.0,42.0,2.0,1.0,88.0,43.0,6.0,126.0,7.0,9.0,0.6,0.6
20190806,6,1316A,47.0,17.0,17.0,47.0,42.0,2.0,1.0,80.0,44.0,8.0,126.0,8.0,9.0,0.7,0.6
20190806,7,1316A,56.0,17.0,17.0,61.0,42.0,2.0,1.0,75.0,46.0,6.0,126.0,7.0,9.0,1.0,0.6
20190806,10,1316A,49.0,20.0,16.0,49.0,45.0,2.0,1.0,67.0,50.0,37.0,126.0,13.0,13.0,0.7,0.6
20190806,11,1316A,52.0,19.0,16.0,54.0,46.0,2.0,1.0,53.0,52.0,54.0,126.0,18.0,18.0,0.8,0.6
20190806,12,1316A,44.0,20.0,16.0,44.0,46.0,1.0,1.0,41.0,53.0,75.0,126.0,27.0,27.0,0.7,0.6
20190806,13,1316A,50.0,20.0,17.0,50.0,47.0,1.0,1.0,34.0,54.0,90.0,126.0,38.0,38.0,0.6,0.6
20190806,14,1316A,52.0,18.0,17.0,53.0,48.0,1.0,1.0,26.0,54.0,88.0,120.0,48.0,48.0,0.6,0.6
20190806,15,1316A,43.0,18.0,17.0,43.0,48.0,1.0,1.0,36.0,55.0,61.0,103.0,54.0,54.0,0.6,0.6
20190806,16,1316A,35.0,21.0,17.0,35.0,48.0,1.0,1.0,55.0,57.0,44.0,103.0,59.0,59.0,0.7,0.7
20190806,17,1316A,35.0,23.0,17.0,35.0,47.0,1.0,1.0,48.0,57.0,47.0,103.0,62.0,62.0,0.7,0.7
20190806,18,1316A,28.0,19.0,17.0,11.0,48.0,1.0,1.0,30.0,58.0,63.0,103.0,65.0,65.0,0.6,0.7
20190806,19,1316A,26.0,18.0,17.0,5.0,46.0,1.0,1.0,35.0,58.0,61.0,90.0,66.0,66.0,0.6,0.7
20190806,20,1316A,26.0,18.0,18.0,25.0,45.0,1.0,1.0,38.0,58.0,45.0,90.0,62.0,66.0,0.7,0.7
20190806,21,1316A,23.0,16.0,18.0,13.0,44.0,1.0,1.0,36.0,58.0,44.0,90.0,57.0,66.0,0.7,0.7
20190806,22,1316A,27.0,16.0,18.0,16.0,43.0,1.0,1.0,54.0,59.0,19.0,90.0,48.0,66.0,0.8,0.7
20190806,23,1316A,28.0,18.0,18.0,20.0,43.0,1.0,1.0,56.0,60.0,19.0,90.0,43.0,66.0,0.7,0.7
20190807,0,1316A,29.0,19.0,18.0,29.0,42.0,1.0,1.0,58.0,59.0,12.0,90.0,39.0,66.0,0.8,0.7
20190807,1,1316A,32.0,21.0,18.0,32.0,41.0,1.0,1.0,41.0,57.0,17.0,90.0,17.0,17.0,0.7,0.7
20190807,2,1316A,37.0,21.0,19.0,37.0,40.0,1.0,1.0,30.0,54.0,25.0,90.0,21.0,21.0,0.7,0.7
20190807,3,1316A,39.0,22.0,19.0,39.0,40.0,1.0,1.0,31.0,52.0,22.0,90.0,21.0,21.0,0.7,0.7
20190807,4,1316A,48.0,28.0,19.0,48.0,39.0,2.0,1.0,34.0,49.0,25.0,90.0,22.0,22.0,1.1,0.7
20190807,5,1316A,52.0,28.0,20.0,53.0,39.0,2.0,1.0,34.0,47.0,25.0,90.0,23.0,23.0,1.2,0.7
20190807,6,1316A,43.0,26.0,20.0,43.0,39.0,2.0,1.0,33.0,45.0,20.0,90.0,22.0,23.0,1.1,0.8
20190807,7,1316A,33.0,23.0,20.0,31.0,38.0,1.0,1.0,38.0,44.0,22.0,90.0,22.0,23.0,1.4,0.8
20190807,8,1316A,30.0,21.0,21.0,30.0,36.0,2.0,1.0,46.0,43.0,21.0,90.0,22.0,23.0,1.5,0.8
20190807,10,1316A,26.0,18.0,20.0,19.0,33.0,3.0,1.0,28.0,40.0,63.0,90.0,31.0,31.0,0.8,0.8
20190807,11,1316A,24.0,16.0,20.0,22.0,31.0,2.0,1.0,25.0,38.0,74.0,90.0,37.0,37.0,1.0,0.8
20190807,12,1316A,31.0,15.0,20.0,12.0,30.0,1.0,1.0,21.0,38.0,99.0,99.0,46.0,46.0,0.7,0.8
20190807,13,1316A,38.0,16.0,20.0,30.0,29.0,2.0,1.0,18.0,37.0,120.0,120.0,58.0,58.0,0.7,0.8
20190807,14,1316A,46.0,16.0,20.0,33.0,28.0,1.0,1.0,18.0,37.0,147.0,147.0,74.0,74.0,0.7,0.8
20190807,15,1316A,50.0,15.0,20.0,26.0,28.0,1.0,1.0,12.0,36.0,160.0,160.0,92.0,92.0,0.7,0.8
20190807,16,1316A,65.0,16.0,20.0,37.0,28.0,1.0,1.0,16.0,34.0,172.0,172.0,110.0,110.0,0.7,0.8
20190807,17,1316A,47.0,14.0,19.0,31.0,28.0,1.0,1.0,12.0,33.0,150.0,172.0,123.0,123.0,0.7,0.8
20190807,18,1316A,36.0,13.0,19.0,23.0,28.0,1.0,1.0,23.0,32.0,114.0,172.0,130.0,130.0,0.7,0.8
20190807,19,1316A,41.0,13.0,19.0,41.0,30.0,1.0,1.0,27.0,32.0,90.0,172.0,132.0,132.0,0.7,0.8
20190807,20,1316A,34.0,15.0,19.0,34.0,30.0,1.0,1.0,36.0,32.0,76.0,172.0,129.0,132.0,0.7,0.9
20190807,21,1316A,39.0,18.0,19.0,39.0,31.0,2.0,1.0,39.0,32.0,68.0,172.0,122.0,132.0,0.9,0.9
20190807,22,1316A,47.0,20.0,19.0,47.0,32.0,2.0,2.0,41.0,31.0,52.0,172.0,110.0,132.0,0.8,0.9
20190807,23,1316A,50.0,19.0,19.0,50.0,34.0,2.0,2.0,37.0,31.0,44.0,172.0,96.0,132.0,0.7,0.9
20190808,0,1316A,38.0,19.0,19.0,38.0,34.0,2.0,2.0,30.0,29.0,41.0,172.0,79.0,132.0,0.7,0.9
20190808,1,1316A,42.0,18.0,19.0,42.0,34.0,2.0,2.0,35.0,29.0,34.0,172.0,34.0,34.0,0.7,0.9
20190808,2,1316A,43.0,18.0,19.0,43.0,35.0,2.0,2.0,39.0,30.0,29.0,172.0,32.0,34.0,0.7,0.9
20190808,3,1316A,38.0,18.0,18.0,38.0,35.0,1.0,2.0,44.0,30.0,23.0,172.0,29.0,34.0,0.7,0.9
20190808,4,1316A,45.0,18.0,18.0,45.0,34.0,2.0,2.0,43.0,30.0,21.0,172.0,27.0,34.0,0.7,0.8
20190808,5,1316A,43.0,18.0,18.0,43.0,34.0,2.0,2.0,41.0,31.0,21.0,172.0,26.0,34.0,0.7,0.8
20190808,6,1316A,48.0,21.0,17.0,48.0,34.0,1.0,2.0,40.0,31.0,22.0,172.0,25.0,34.0,0.7,0.8
20190808,7,1316A,43.0,18.0,17.0,43.0,35.0,1.0,2.0,37.0,31.0,26.0,172.0,25.0,34.0,0.9,0.8
20190808,8,1316A,27.0,16.0,17.0,27.0,35.0,2.0,2.0,33.0,30.0,44.0,172.0,28.0,34.0,0.7,0.7
20190808,9,1316A,23.0,15.0,17.0,14.0,34.0,1.0,2.0,23.0,30.0,72.0,172.0,32.0,34.0,0.7,0.7
20190808,10,1316A,29.0,14.0,17.0,25.0,35.0,2.0,2.0,18.0,30.0,90.0,172.0,40.0,40.0,0.6,0.7
20190808,11,1316A,38.0,14.0,17.0,21.0,35.0,1.0,1.0,12.0,29.0,119.0,172.0,52.0,52.0,0.7,0.7
20190808,12,1316A,44.0,16.0,17.0,29.0,35.0,2.0,2.0,11.0,29.0,139.0,172.0,67.0,67.0,0.7,0.7
20190808,13,1316A,42.0,17.0,17.0,41.0,36.0,1.0,1.0,10.0,28.0,134.0,172.0,81.0,81.0,0.6,0.7
20190808,14,1316A,40.0,16.0,17.0,30.0,36.0,1.0,1.0,8.0,28.0,128.0,172.0,94.0,94.0,0.7,0.7
20190808,15,1316A,42.0,16.0,17.0,32.0,36.0,1.0,1.0,8.0,28.0,133.0,172.0,107.0,107.0,0.7,0.7
20190808,16,1316A,44.0,19.0,17.0,30.0,36.0,1.0,1.0,9.0,27.0,140.0,150.0,119.0,119.0,0.8,0.7
20190808,17,1316A,47.0,22.0,17.0,47.0,36.0,1.0,1.0,10.0,27.0,141.0,141.0,128.0,128.0,0.8,0.7
20190808,18,1316A,,,17.0,,37.0,1.0,1.0,16.0,27.0,,141.0,133.0,133.0,0.8,0.7
20190808,19,1316A,38.0,22.0,18.0,,37.0,1.0,1.0,,27.0,120.0,141.0,134.0,134.0,0.7,0.7
20190808,20,1316A,47.0,23.0,18.0,47.0,37.0,1.0,1.0,,27.0,108.0,141.0,129.0,134.0,0.7,0.7
20190808,21,1316A,41.0,21.0,18.0,41.0,37.0,,1.0,28.0,26.0,105.0,141.0,125.0,134.0,,0.7
20190808,22,1316A,38.0,21.0,18.0,38.0,37.0,1.0,1.0,31.0,26.0,100.0,141.0,121.0,134.0,0.6,0.7
20190808,23,1316A,38.0,22.0,18.0,38.0,36.0,1.0,1.0,40.0,26.0,82.0,141.0,114.0,134.0,0.6,0.7
20190809,0,1316A,40.0,22.0,18.0,40.0,36.0,2.0,1.0,45.0,26.0,69.0,141.0,104.0,134.0,0.5,0.7
20190809,1,1316A,48.0,24.0,19.0,48.0,37.0,2.0,1.0,47.0,27.0,65.0,141.0,65.0,65.0,0.5,0.7
20190809,2,1316A,51.0,26.0,19.0,51.0,37.0,2.0,1.0,37.0,27.0,71.0,141.0,68.0,68.0,0.5,0.7
20190809,3,1316A,51.0,28.0,20.0,52.0,38.0,2.0,1.0,51.0,27.0,51.0,141.0,62.0,68.0,0.5,0.7
20190809,4,1316A,56.0,31.0,20.0,61.0,38.0,2.0,1.0,53.0,28.0,42.0,141.0,57.0,68.0,0.5,0.7
20190809,5,1316A,57.0,30.0,21.0,64.0,39.0,2.0,1.0,83.0,30.0,11.0,141.0,48.0,68.0,0.6,0.7
20190809,6,1316A,56.0,29.0,21.0,62.0,40.0,2.0,1.0,81.0,31.0,9.0,141.0,42.0,68.0,0.6,0.7
20190809,7,1316A,54.0,28.0,21.0,57.0,41.0,3.0,2.0,56.0,32.0,36.0,141.0,41.0,68.0,0.8,0.6
20190809,8,1316A,48.0,28.0,22.0,48.0,42.0,2.0,2.0,51.0,33.0,57.0,141.0,43.0,68.0,0.7,0.6
20190809,9,1316A,46.0,30.0,23.0,46.0,43.0,2.0,2.0,24.0,33.0,103.0,141.0,48.0,68.0,0.6,0.6
20190809,10,1316A,43.0,30.0,23.0,42.0,44.0,2.0,2.0,20.0,33.0,120.0,141.0,54.0,68.0,0.7,0.6
20190809,11,1316A,46.0,29.0,24.0,46.0,45.0,2.0,2.0,19.0,34.0,135.0,141.0,64.0,68.0,0.7,0.6
20190809,12,1316A,47.0,29.0,24.0,44.0,46.0,2.0,2.0,18.0,34.0,150.0,150.0,78.0,78.0,0.7,0.6
20190809,13,1316A,69.0,27.0,25.0,42.0,46.0,1.0,2.0,15.0,34.0,175.0,175.0,98.0,98.0,0.6,0.6
20190809,14,1316A,89.0,26.0,25.0,50.0,47.0,1.0,2.0,14.0,34.0,191.0,191.0,121.0,121.0,0.6,0.6
20190809,15,1316A,67.0,26.0,26.0,54.0,48.0,1.0,2.0,17.0,35.0,173.0,191.0,138.0,138.0,0.6,0.6
20190809,16,1316A,51.0,24.0,26.0,52.0,49.0,1.0,2.0,20.0,35.0,153.0,191.0,150.0,150.0,0.6,0.6
20190809,17,1316A,50.0,24.0,26.0,32.0,48.0,1.0,2.0,17.0,36.0,160.0,191.0,157.0,157.0,0.6,0.6
20190809,19,1316A,56.0,31.0,26.0,61.0,48.0,1.0,2.0,34.0,36.0,134.0,191.0,162.0,162.0,0.6,0.6
20190809,20,1316A,61.0,18.0,26.0,71.0,49.0,1.0,2.0,18.0,35.0,106.0,191.0,156.0,162.0,0.5,0.6
20190809,21,1316A,26.0,18.0,26.0,9.0,48.0,1.0,2.0,28.0,35.0,81.0,191.0,144.0,162.0,0.6,0.6
20190809,23,1316A,25.0,17.0,26.0,15.0,46.0,1.0,2.0,36.0,35.0,62.0,191.0,114.0,162.0,0.6,0.6
20190810,0,1316A,29.0,20.0,26.0,20.0,46.0,1.0,2.0,40.0,35.0,55.0,191.0,102.0,162.0,0.6,0.6
20190810,1,1316A,52.0,34.0,26.0,54.0,46.0,2.0,2.0,34.0,34.0,56.0,191.0,56.0,56.0,0.7,0.6
20190810,2,1316A,61.0,36.0,26.0,72.0,47.0,3.0,2.0,30.0,34.0,51.0,191.0,54.0,56.0,0.8,0.6
20190810,3,1316A,60.0,33.0,27.0,70.0,47.0,4.0,2.0,28.0,33.0,45.0,191.0,51.0,56.0,0.9,0.6
20190810,4,1316A,48.0,26.0,26.0,48.0,47.0,2.0,2.0,14.0,31.0,87.0,191.0,60.0,60.0,0.9,0.7
20190810,5,1316A,36.0,17.0,26.0,8.0,45.0,1.0,2.0,7.0,28.0,115.0,191.0,71.0,71.0,0.8,0.7
20190810,6,1316A,36.0,14.0,25.0,1.0,42.0,1.0,2.0,7.0,25.0,113.0,191.0,78.0,78.0,0.8,0.7
20190810,7,1316A,34.0,12.0,25.0,7.0,40.0,1.0,2.0,9.0,23.0,106.0,191.0,82.0,82.0,1.0,0.7
20190810,8,1316A,30.0,10.0,24.0,7.0,38.0,1.0,1.0,18.0,22.0,94.0,191.0,83.0,83.0,0.9,0.7
20190810,9,1316A,29.0,9.0,23.0,,36.0,1.0,1.0,20.0,22.0,92.0,191.0,88.0,88.0,0.8,0.7
20190810,10,1316A,30.0,9.0,22.0,,35.0,1.0,1.0,18.0,22.0,95.0,191.0,93.0,93.0,0.8,0.7
20190810,11,1316A,31.0,9.0,21.0,4.0,33.0,1.0,1.0,16.0,22.0,99.0,191.0,100.0,100.0,0.7,0.7
20190810,12,1316A,33.0,9.0,20.0,6.0,31.0,1.0,1.0,13.0,21.0,105.0,191.0,102.0,102.0,0.7,0.7
20190810,14,1316A,40.0,10.0,19.0,11.0,28.0,1.0,1.0,8.0,21.0,125.0,173.0,104.0,104.0,0.6,0.7
20190810,15,1316A,40.0,10.0,18.0,14.0,27.0,1.0,1.0,7.0,20.0,126.0,160.0,107.0,107.0,0.5,0.7
20190810,16,1316A,39.0,9.0,18.0,16.0,25.0,1.0,1.0,8.0,20.0,123.0,160.0,111.0,111.0,0.5,0.7
20190810,17,1316A,38.0,9.0,17.0,13.0,24.0,2.0,1.0,9.0,20.0,121.0,157.0,114.0,114.0,0.5,0.7
20190810,18,1316A,38.0,11.0,17.0,27.0,24.0,2.0,1.0,11.0,19.0,121.0,134.0,118.0,118.0,0.6,0.7
20190810,19,1316A,34.0,11.0,16.0,25.0,22.0,2.0,1.0,13.0,18.0,107.0,126.0,118.0,118.0,0.5,0.7
20190810,20,1316A,31.0,10.0,15.0,22.0,20.0,2.0,1.0,19.0,18.0,98.0,126.0,118.0,118.0,0.5,0.7
20190810,21,1316A,28.0,11.0,15.0,21.0,21.0,2.0,2.0,23.0,18.0,88.0,126.0,114.0,118.0,0.5,0.7
20190810,22,1316A,25.0,10.0,15.0,20.0,20.0,2.0,2.0,20.0,17.0,79.0,126.0,108.0,118.0,0.5,0.7
20190810,23,1316A,24.0,10.0,15.0,20.0,21.0,2.0,2.0,18.0,17.0,75.0,126.0,102.0,118.0,0.5,0.7
20190811,0,1316A,23.0,10.0,14.0,21.0,21.0,3.0,2.0,19.0,16.0,71.0,126.0,95.0,118.0,0.6,0.7
20190811,1,1316A,32.0,11.0,13.0,32.0,20.0,3.0,2.0,22.0,15.0,68.0,126.0,68.0,68.0,0.6,0.7
20190811,2,1316A,30.0,14.0,12.0,30.0,18.0,5.0,2.0,19.0,15.0,65.0,126.0,66.0,68.0,0.9,0.7
20190811,3,1316A,34.0,15.0,12.0,34.0,17.0,4.0,2.0,25.0,15.0,48.0,126.0,60.0,68.0,0.9,0.7
20190811,4,1316A,38.0,16.0,11.0,38.0,16.0,4.0,2.0,29.0,15.0,40.0,126.0,55.0,68.0,1.0,0.7
20190811,5,1316A,38.0,19.0,11.0,38.0,17.0,5.0,2.0,22.0,16.0,61.0,126.0,56.0,68.0,1.0,0.7
20190811,6,1316A,45.0,23.0,12.0,45.0,19.0,4.0,2.0,22.0,16.0,59.0,126.0,57.0,68.0,1.1,0.7
20190811,7,1316A,51.0,26.0,12.0,52.0,21.0,4.0,2.0,22.0,17.0,58.0,126.0,57.0,68.0,1.4,0.7
20190811,8,1316A,50.0,28.0,13.0,50.0,23.0,5.0,2.0,31.0,18.0,54.0,126.0,57.0,68.0,1.1,0.7
20190811,9,1316A,48.0,25.0,14.0,48.0,25.0,5.0,3.0,28.0,18.0,72.0,126.0,57.0,68.0,0.9,0.7
20190811,10,1316A,31.0,17.0,14.0,29.0,26.0,5.0,3.0,17.0,18.0,99.0,126.0,61.0,68.0,0.9,0.7
20190811,11,1316A,38.0,18.0,14.0,31.0,27.0,5.0,3.0,13.0,18.0,120.0,126.0,70.0,70.0,0.9,0.7
20190811,12,1316A,43.0,18.0,15.0,36.0,28.0,4.0,3.0,12.0,18.0,136.0,136.0,82.0,82.0,0.7,0.7
20190811,13,1316A,45.0,17.0,15.0,37.0,30.0,3.0,3.0,11.0,18.0,141.0,141.0,92.0,92.0,0.7,0.7
20190811,14,1316A,46.0,15.0,15.0,28.0,30.0,3.0,3.0,9.0,18.0,147.0,147.0,103.0,103.0,0.7,0.7
20190811,15,1316A,46.0,14.0,15.0,27.0,31.0,3.0,3.0,10.0,18.0,145.0,147.0,114.0,114.0,0.7,0.8
20190811,16,1316A,46.0,16.0,16.0,36.0,32.0,4.0,3.0,11.0,18.0,146.0,147.0,126.0,126.0,0.8,0.8
20190811,17,1316A,38.0,15.0,16.0,36.0,33.0,3.0,4.0,12.0,18.0,119.0,147.0,132.0,132.0,0.6,0.8
20190811,18,1316A,40.0,14.0,16.0,40.0,33.0,2.0,4.0,16.0,18.0,91.0,147.0,131.0,132.0,0.6,0.8
20190811,19,1316A,32.0,14.0,16.0,32.0,33.0,1.0,3.0,26.0,19.0,54.0,147.0,122.0,132.0,0.6,0.8
20190811,20,1316A,20.0,14.0,16.0,12.0,33.0,2.0,3.0,25.0,19.0,47.0,147.0,111.0,132.0,0.6,0.8
20190811,21,1316A,20.0,14.0,16.0,17.0,33.0,2.0,3.0,25.0,19.0,53.0,147.0,100.0,132.0,0.6,0.8
20190811,22,1316A,25.0,13.0,16.0,25.0,33.0,2.0,3.0,25.0,20.0,54.0,147.0,89.0,132.0,0.6,0.8
20190811,23,1316A,22.0,14.0,17.0,22.0,33.0,2.0,3.0,27.0,20.0,47.0,147.0,76.0,132.0,0.6,0.8
20190812,0,1316A,25.0,14.0,17.0,25.0,33.0,2.0,3.0,34.0,21.0,35.0,147.0,62.0,132.0,0.6,0.8
20190812,1,1316A,31.0,14.0,17.0,31.0,33.0,2.0,3.0,43.0,21.0,16.0,147.0,16.0,16.0,0.6,0.8
20190812,2,1316A,31.0,15.0,17.0,31.0,33.0,2.0,3.0,53.0,23.0,6.0,147.0,11.0,16.0,0.7,0.8
20190812,3,1316A,37.0,17.0,17.0,37.0,33.0,1.0,3.0,53.0,24.0,6.0,147.0,9.0,16.0,0.7,0.8
20190812,4,1316A,38.0,19.0,17.0,38.0,33.0,1.0,3.0,43.0,25.0,13.0,147.0,10.0,16.0,0.7,0.8
20190812,5,1316A,36.0,19.0,17.0,36.0,33.0,1.0,3.0,46.0,26.0,13.0,147.0,11.0,16.0,0.7,0.8
20190812,6,1316A,34.0,19.0,17.0,34.0,33.0,2.0,3.0,41.0,26.0,15.0,147.0,12.0,16.0,0.7,0.7
20190812,7,1316A,35.0,19.0,17.0,35.0,32.0,2.0,3.0,50.0,28.0,10.0,147.0,11.0,16.0,0.8,0.7
20190812,8,1316A,34.0,20.0,16.0,34.0,32.0,2.0,3.0,56.0,29.0,8.0,147.0,11.0,16.0,0.8,0.7
20190812,9,1316A,35.0,23.0,16.0,35.0,31.0,2.0,2.0,51.0,30.0,12.0,147.0,10.0,16.0,0.8,0.7
20190812,10,1316A,38.0,26.0,17.0,36.0,31.0,2.0,2.0,46.0,31.0,21.0,147.0,12.0,16.0,0.8,0.7
20190812,11,1316A,43.0,30.0,17.0,41.0,32.0,2.0,2.0,50.0,32.0,36.0,147.0,16.0,16.0,0.9,0.7
20190812,12,1316A,45.0,29.0,18.0,45.0,32.0,3.0,2.0,43.0,34.0,66.0,147.0,23.0,23.0,0.9,0.7
20190812,13,1316A,43.0,27.0,18.0,43.0,32.0,3.0,2.0,32.0,34.0,91.0,147.0,32.0,32.0,0.8,0.7
20190812,14,1316A,42.0,26.0,19.0,42.0,33.0,4.0,2.0,25.0,35.0,111.0,146.0,44.0,44.0,0.8,0.7
20190812,15,1316A,51.0,28.0,19.0,52.0,34.0,4.0,2.0,24.0,36.0,127.0,146.0,59.0,59.0,0.9,0.7
20190812,16,1316A,51.0,26.0,20.0,52.0,35.0,7.0,2.0,22.0,36.0,137.0,137.0,75.0,75.0,0.8,0.7
20190812,17,1316A,65.0,29.0,20.0,79.0,36.0,5.0,2.0,26.0,37.0,135.0,137.0,90.0,90.0,1.0,0.7
20190812,18,1316A,55.0,28.0,21.0,59.0,37.0,4.0,2.0,27.0,37.0,135.0,137.0,105.0,105.0,1.0,0.8
20190812,19,1316A,59.0,29.0,21.0,68.0,39.0,4.0,3.0,31.0,37.0,122.0,137.0,116.0,116.0,1.0,0.8
20190812,20,1316A,60.0,29.0,22.0,70.0,41.0,4.0,3.0,35.0,38.0,104.0,137.0,120.0,120.0,1.0,0.8
20190812,22,1316A,54.0,29.0,23.0,58.0,44.0,20.0,4.0,37.0,39.0,61.0,137.0,112.0,120.0,0.8,0.8
20190812,23,1316A,51.0,30.0,24.0,52.0,45.0,5.0,4.0,34.0,39.0,64.0,137.0,105.0,120.0,0.8,0.8
20190813,0,1316A,53.0,30.0,25.0,55.0,47.0,4.0,4.0,38.0,39.0,59.0,137.0,95.0,120.0,0.8,0.8
20190813,1,1316A,57.0,30.0,25.0,63.0,48.0,3.0,4.0,38.0,39.0,54.0,137.0,54.0,54.0,0.7,0.8
20190813,2,1316A,56.0,30.0,26.0,62.0,49.0,2.0,4.0,38.0,38.0,48.0,137.0,51.0,54.0,0.7,0.8
20190813,3,1316A,54.0,30.0,26.0,58.0,50.0,2.0,4.0,43.0,38.0,42.0,137.0,48.0,54.0,0.7,0.8
20190813,4,1316A,56.0,29.0,27.0,62.0,51.0,2.0,4.0,53.0,38.0,34.0,137.0,44.0,54.0,0.7,0.8
20190813,5,1316A,42.0,28.0,27.0,42.0,51.0,5.0,4.0,26.0,38.0,63.0,137.0,48.0,54.0,0.7,0.8
20190813,6,1316A,33.0,23.0,27.0,31.0,51.0,5.0,4.0,23.0,37.0,54.0,137.0,49.0,54.0,0.7,0.8
20190813,7,1316A,25.0,17.0,27.0,16.0,50.0,4.0,4.0,27.0,36.0,45.0,137.0,49.0,54.0,0.6,0.8
20190813,8,1316A,20.0,14.0,27.0,16.0,50.0,4.0,4.0,32.0,35.0,42.0,137.0,48.0,54.0,0.6,0.8
20190813,9,1316A,22.0,14.0,27.0,22.0,49.0,5.0,5.0,30.0,34.0,45.0,137.0,47.0,54.0,0.6,0.8
20190813,10,1316A,23.0,13.0,26.0,23.0,49.0,5.0,5.0,29.0,33.0,52.0,137.0,47.0,54.0,0.6,0.8
20190813,13,1316A,40.0,14.0,24.0,27.0,47.0,5.0,5.0,16.0,31.0,128.0,137.0,66.0,66.0,0.6,0.8
20190813,14,1316A,52.0,16.0,24.0,38.0,46.0,4.0,5.0,19.0,30.0,161.0,161.0,80.0,80.0,0.8,0.8
20190813,21,1316A,42.0,21.0,21.0,42.0,44.0,2.0,4.0,28.0,30.0,97.0,204.0,159.0,162.0,0.7,0.7
20190813,22,1316A,43.0,21.0,21.0,43.0,43.0,2.0,4.0,30.0,29.0,92.0,204.0,150.0,162.0,0.6,0.7
20190813,23,1316A,50.0,20.0,21.0,50.0,43.0,2.0,3.0,36.0,29.0,75.0,204.0,136.0,162.0,0.6,0.7
20190814,0,1316A,45.0,19.0,20.0,45.0,42.0,3.0,3.0,30.0,29.0,73.0,204.0,119.0,162.0,0.6,0.7
20190814,1,1316A,50.0,19.0,20.0,50.0,42.0,6.0,4.0,33.0,29.0,64.0,204.0,64.0,64.0,0.6,0.7
20190814,2,1316A,50.0,19.0,19.0,50.0,41.0,4.0,4.0,35.0,29.0,57.0,204.0,60.0,64.0,0.6,0.7
20190814,3,1316A,49.0,21.0,19.0,49.0,41.0,5.0,4.0,29.0,28.0,65.0,204.0,62.0,64.0,0.6,0.7
20190814,4,1316A,47.0,21.0,18.0,47.0,40.0,4.0,4.0,31.0,27.0,63.0,204.0,62.0,64.0,0.7,0.6
20190814,5,1316A,49.0,26.0,18.0,49.0,41.0,5.0,4.0,29.0,27.0,64.0,204.0,63.0,64.0,0.7,0.6
20190814,6,1316A,54.0,24.0,18.0,57.0,42.0,4.0,4.0,30.0,28.0,64.0,204.0,63.0,64.0,0.6,0.6
20190814,7,1316A,39.0,21.0,19.0,39.0,43.0,3.0,4.0,35.0,28.0,61.0,204.0,63.0,64.0,0.7,0.7
20190814,8,1316A,30.0,21.0,19.0,27.0,43.0,3.0,4.0,31.0,28.0,72.0,204.0,64.0,64.0,0.7,0.7
20190814,9,1316A,33.0,21.0,19.0,33.0,44.0,4.0,4.0,29.0,28.0,92.0,204.0,67.0,67.0,0.9,0.7
20190814,10,1316A,40.0,22.0,20.0,40.0,44.0,5.0,4.0,28.0,28.0,118.0,204.0,75.0,75.0,0.8,0.7
20190814,12,1316A,57.0,26.0,20.0,59.0,46.0,4.0,4.0,26.0,28.0,165.0,204.0,98.0,98.0,0.8,0.7
20190814,13,1316A,83.0,29.0,21.0,65.0,48.0,4.0,4.0,27.0,28.0,186.0,204.0,114.0,114.0,0.9,0.7
20190814,14,1316A,97.0,31.0,22.0,72.0,49.0,4.0,4.0,26.0,28.0,197.0,204.0,130.0,130.0,0.9,0.7
20190814,15,1316A,62.0,24.0,22.0,74.0,50.0,2.0,3.0,17.0,28.0,156.0,204.0,142.0,142.0,0.7,0.7
20190814,16,1316A,42.0,18.0,22.0,36.0,50.0,1.0,3.0,14.0,28.0,132.0,198.0,150.0,150.0,0.6,0.7
20190814,17,1316A,35.0,20.0,22.0,18.0,48.0,1.0,3.0,22.0,28.0,110.0,197.0,152.0,152.0,0.7,0.7
20190814,18,1316A,40.0,25.0,22.0,40.0,47.0,2.0,3.0,41.0,29.0,103.0,197.0,150.0,152.0,0.8,0.7
20190814,19,1316A,43.0,27.0,23.0,43.0,46.0,1.0,3.0,57.0,30.0,89.0,197.0,142.0,152.0,0.8,0.7
20190814,22,1316A,61.0,30.0,24.0,72.0,49.0,2.0,3.0,113.0,39.0,18.0,197.0,86.0,152.0,1.0,0.7
20190814,23,1316A,55.0,30.0,24.0,59.0,49.0,2.0,3.0,108.0,42.0,14.0,197.0,68.0,152.0,1.0,0.8
20190815,0,1316A,60.0,33.0,25.0,69.0,50.0,2.0,3.0,108.0,45.0,8.0,197.0,52.0,152.0,1.0,0.8
20190815,1,1316A,59.0,33.0,25.0,68.0,51.0,2.0,3.0,108.0,49.0,4.0,197.0,4.0,4.0,0.9,0.8
20190815,2,1316A,68.0,36.0,26.0,86.0,53.0,2.0,3.0,95.0,51.0,8.0,197.0,6.0,6.0,0.9,0.8
20190815,3,1316A,71.0,38.0,27.0,91.0,54.0,3.0,3.0,85.0,53.0,7.0,197.0,6.0,6.0,0.8,0.8
20190815,4,1316A,,,27.0,,55.0,3.0,3.0,,54.0,4.0,197.0,6.0,6.0,1.0,0.8
20190815,5,1316A,,,27.0,,55.0,,3.0,78.0,56.0,4.0,197.0,5.0,6.0,1.0,0.8
20190815,6,1316A,66.0,42.0,28.0,82.0,56.0,5.0,3.0,74.0,58.0,8.0,197.0,6.0,6.0,0.9,0.8
20190815,7,1316A,63.0,43.0,29.0,75.0,58.0,7.0,3.0,68.0,60.0,13.0,197.0,7.0,7.0,1.3,0.9
20190815,8,1316A,60.0,43.0,30.0,70.0,60.0,10.0,3.0,70.0,62.0,30.0,197.0,10.0,10.0,1.2,0.9
20190815,9,1316A,59.0,42.0,31.0,54.0,61.0,12.0,4.0,64.0,63.0,60.0,197.0,17.0,17.0,1.1,0.9
20190815,10,1316A,55.0,39.0,32.0,59.0,62.0,10.0,4.0,54.0,64.0,95.0,197.0,28.0,28.0,1.0,0.9
20190815,11,1316A,54.0,38.0,32.0,58.0,62.0,7.0,4.0,44.0,65.0,128.0,197.0,43.0,43.0,0.9,0.9
20190815,12,1316A,78.0,35.0,33.0,62.0,62.0,5.0,4.0,27.0,65.0,182.0,197.0,65.0,65.0,0.9,0.9
20190815,13,1316A,104.0,32.0,33.0,60.0,62.0,4.0,4.0,20.0,65.0,207.0,207.0,90.0,90.0,0.8,0.9
20190815,14,1316A,106.0,28.0,33.0,54.0,61.0,3.0,4.0,16.0,65.0,212.0,212.0,116.0,116.0,0.8,0.9
20190815,15,1316A,105.0,27.0,33.0,55.0,61.0,3.0,4.0,14.0,64.0,210.0,212.0,140.0,140.0,0.7,0.9
20190815,16,1316A,104.0,26.0,33.0,44.0,61.0,4.0,4.0,13.0,64.0,207.0,212.0,163.0,163.0,0.7,0.9
20190815,17,1316A,110.0,29.0,34.0,63.0,63.0,4.0,4.0,16.0,64.0,220.0,220.0,183.0,183.0,0.8,0.9
20190815,18,1316A,104.0,30.0,34.0,65.0,64.0,4.0,4.0,18.0,63.0,208.0,220.0,197.0,197.0,0.9,0.9
20190815,19,1316A,64.0,32.0,34.0,72.0,65.0,3.0,4.0,25.0,62.0,171.0,220.0,202.0,202.0,0.8,0.9
20190815,20,1316A,58.0,33.0,34.0,66.0,66.0,4.0,4.0,37.0,59.0,142.0,220.0,197.0,202.0,0.8,0.9
20190815,21,1316A,71.0,40.0,34.0,92.0,67.0,3.0,5.0,42.0,56.0,149.0,220.0,190.0,202.0,0.9,0.9
20190815,22,1316A,69.0,39.0,35.0,88.0,68.0,2.0,5.0,36.0,53.0,130.0,220.0,180.0,202.0,0.9,0.9
20190815,23,1316A,63.0,38.0,35.0,76.0,69.0,2.0,5.0,33.0,50.0,116.0,220.0,168.0,202.0,0.9,0.9
20190816,0,1316A,64.0,36.0,35.0,78.0,69.0,3.0,5.0,37.0,47.0,104.0,220.0,155.0,202.0,0.8,0.9
20190816,1,1316A,67.0,38.0,36.0,84.0,70.0,4.0,5.0,33.0,43.0,103.0,220.0,103.0,103.0,0.8,0.9
20190816,2,1316A,64.0,38.0,36.0,78.0,69.0,4.0,5.0,39.0,41.0,92.0,220.0,98.0,103.0,0.8,0.9
20190816,3,1316A,61.0,36.0,36.0,71.0,68.0,4.0,5.0,40.0,39.0,87.0,220.0,94.0,103.0,0.8,0.9
20190816,4,1316A,61.0,35.0,36.0,72.0,69.0,5.0,5.0,39.0,39.0,87.0,220.0,92.0,103.0,0.8,0.9
20190816,5,1316A,62.0,36.0,36.0,73.0,69.0,6.0,5.0,44.0,38.0,72.0,220.0,88.0,103.0,0.8,0.9
20190816,6,1316A,64.0,36.0,35.0,77.0,69.0,5.0,5.0,61.0,37.0,50.0,220.0,82.0,103.0,0.9,0.9
20190816,7,1316A,64.0,37.0,35.0,78.0,69.0,5.0,5.0,75.0,37.0,38.0,220.0,76.0,103.0,1.0,0.9
20190816,8,1316A,64.0,39.0,35.0,77.0,69.0,5.0,5.0,64.0,37.0,57.0,220.0,73.0,103.0,1.0,0.9
20190816,9,1316A,60.0,39.0,35.0,70.0,70.0,6.0,4.0,73.0,38.0,65.0,220.0,68.0,103.0,1.1,0.9
20190816,10,1316A,76.0,45.0,35.0,101.0,71.0,7.0,4.0,49.0,37.0,108.0,220.0,70.0,103.0,1.1,0.9
20190816,11,1316A,79.0,53.0,36.0,108.0,74.0,6.0,4.0,27.0,37.0,153.0,220.0,79.0,103.0,1.2,0.9
20190816,12,1316A,91.0,61.0,37.0,131.0,76.0,4.0,4.0,18.0,36.0,159.0,220.0,88.0,103.0,1.1,0.9
20190816,13,1316A,58.0,39.0,37.0,55.0,76.0,3.0,4.0,15.0,36.0,166.0,220.0,100.0,103.0,1.0,0.9
20190816,14,1316A,59.0,28.0,37.0,45.0,76.0,2.0,4.0,13.0,36.0,167.0,220.0,114.0,114.0,0.8,0.9
20190816,15,1316A,59.0,24.0,37.0,36.0,75.0,2.0,4.0,11.0,36.0,167.0,220.0,130.0,130.0,0.7,0.9
20190816,16,1316A,54.0,23.0,37.0,39.0,75.0,2.0,4.0,14.0,36.0,163.0,220.0,144.0,144.0,0.7,0.9
20190816,17,1316A,50.0,23.0,37.0,47.0,74.0,2.0,4.0,14.0,36.0,159.0,208.0,155.0,155.0,0.7,0.9
20190816,18,1316A,46.0,20.0,36.0,45.0,73.0,3.0,4.0,14.0,36.0,146.0,171.0,160.0,160.0,0.6,0.9
20190816,19,1316A,43.0,19.0,36.0,39.0,72.0,2.0,4.0,16.0,35.0,135.0,167.0,158.0,160.0,0.6,0.9
20190816,20,1316A,41.0,19.0,35.0,30.0,70.0,2.0,4.0,20.0,34.0,130.0,167.0,154.0,160.0,0.6,0.9
20190816,21,1316A,40.0,18.0,34.0,29.0,68.0,3.0,4.0,22.0,34.0,125.0,167.0,149.0,160.0,0.6,0.8
20190816,22,1316A,38.0,17.0,33.0,35.0,66.0,3.0,4.0,22.0,33.0,119.0,167.0,143.0,160.0,0.6,0.8
20190816,23,1316A,36.0,16.0,32.0,26.0,64.0,3.0,4.0,22.0,33.0,113.0,167.0,136.0,160.0,0.6,0.8
20190817,0,1316A,33.0,15.0,31.0,20.0,61.0,3.0,4.0,30.0,32.0,104.0,167.0,129.0,160.0,0.6,0.8
20190817,1,1316A,35.0,15.0,30.0,32.0,59.0,4.0,4.0,23.0,32.0,111.0,167.0,111.0,111.0,0.6,0.8
20190817,2,1316A,38.0,15.0,30.0,38.0,57.0,4.0,4.0,33.0,32.0,92.0,167.0,102.0,111.0,0.6,0.8
20190817,3,1316A,40.0,14.0,29.0,40.0,56.0,6.0,4.0,43.0,32.0,73.0,167.0,92.0,111.0,0.6,0.8
20190817,4,1316A,38.0,15.0,28.0,38.0,55.0,7.0,4.0,42.0,32.0,68.0,167.0,86.0,111.0,0.6,0.8
20190817,5,1316A,43.0,14.0,27.0,43.0,53.0,8.0,4.0,42.0,32.0,61.0,167.0,81.0,111.0,0.6,0.8
20190817,6,1316A,43.0,14.0,26.0,43.0,52.0,8.0,4.0,48.0,31.0,56.0,167.0,77.0,111.0,0.7,0.8
20190817,7,1316A,37.0,14.0,25.0,37.0,50.0,8.0,4.0,55.0,30.0,51.0,167.0,73.0,111.0,0.8,0.8
20190817,8,1316A,46.0,15.0,24.0,46.0,49.0,6.0,4.0,60.0,30.0,48.0,167.0,70.0,111.0,0.9,0.7
20190817,9,1316A,52.0,15.0,23.0,54.0,48.0,5.0,4.0,57.0,30.0,55.0,167.0,63.0,111.0,0.7,0.7
20190817,10,1316A,36.0,15.0,22.0,36.0,46.0,4.0,4.0,33.0,29.0,95.0,167.0,63.0,111.0,0.7,0.7
20190817,11,1316A,35.0,17.0,20.0,26.0,42.0,4.0,4.0,26.0,29.0,111.0,167.0,68.0,111.0,0.6,0.7
20190817,12,1316A,38.0,18.0,18.0,32.0,38.0,4.0,4.0,26.0,29.0,121.0,167.0,75.0,111.0,0.5,0.7
20190817,13,1316A,46.0,18.0,18.0,30.0,37.0,4.0,4.0,27.0,30.0,145.0,167.0,85.0,111.0,0.6,0.6
20190817,14,1316A,69.0,16.0,17.0,50.0,37.0,4.0,4.0,27.0,30.0,175.0,175.0,100.0,111.0,0.7,0.6
20190817,15,1316A,89.0,14.0,17.0,52.0,38.0,4.0,4.0,21.0,31.0,191.0,191.0,118.0,118.0,0.7,0.6
20190817,16,1316A,83.0,14.0,16.0,43.0,38.0,4.0,4.0,15.0,31.0,186.0,191.0,135.0,135.0,0.7,0.6
20190817,17,1316A,64.0,14.0,16.0,42.0,38.0,4.0,4.0,13.0,31.0,171.0,191.0,149.0,149.0,0.5,0.6
20190817,18,1316A,64.0,14.0,16.0,49.0,38.0,4.0,4.0,19.0,31.0,171.0,191.0,159.0,159.0,0.6,0.6
20190817,19,1316A,52.0,15.0,15.0,54.0,39.0,6.0,5.0,32.0,32.0,148.0,191.0,164.0,164.0,0.7,0.6
20190817,20,1316A,53.0,14.0,15.0,56.0,40.0,16.0,5.0,27.0,32.0,125.0,191.0,164.0,164.0,0.6,0.6
20190817,21,1316A,40.0,14.0,15.0,40.0,40.0,30.0,6.0,33.0,32.0,106.0,191.0,159.0,164.0,0.6,0.6
20190817,22,1316A,45.0,13.0,15.0,45.0,40.0,35.0,8.0,39.0,33.0,92.0,191.0,149.0,164.0,0.6,0.6
20190817,23,1316A,47.0,14.0,15.0,47.0,41.0,39.0,9.0,44.0,34.0,87.0,191.0,136.0,164.0,0.6,0.6
20190818,0,1316A,49.0,14.0,15.0,49.0,43.0,7.0,9.0,44.0,35.0,82.0,191.0,123.0,164.0,0.6,0.6
20190818,1,1316A,49.0,14.0,15.0,49.0,43.0,4.0,9.0,41.0,35.0,80.0,191.0,80.0,80.0,0.6,0.6
20190818,2,1316A,51.0,15.0,15.0,51.0,44.0,4.0,9.0,48.0,36.0,65.0,191.0,72.0,80.0,0.6,0.6
20190818,3,1316A,52.0,16.0,15.0,54.0,44.0,5.0,9.0,61.0,37.0,49.0,191.0,65.0,80.0,0.6,0.6
20190818,4,1316A,54.0,17.0,15.0,58.0,45.0,39.0,11.0,70.0,38.0,42.0,191.0,59.0,80.0,0.6,0.6
20190818,5,1316A,57.0,18.0,15.0,64.0,46.0,51.0,12.0,66.0,39.0,46.0,191.0,56.0,80.0,0.7,0.6
20190818,6,1316A,56.0,20.0,15.0,62.0,47.0,45.0,14.0,78.0,40.0,28.0,191.0,52.0,80.0,0.8,0.6
20190818,7,1316A,65.0,23.0,16.0,79.0,49.0,38.0,15.0,80.0,41.0,26.0,191.0,48.0,80.0,1.1,0.7
20190818,8,1316A,59.0,25.0,16.0,68.0,50.0,32.0,16.0,64.0,41.0,49.0,191.0,48.0,80.0,1.2,0.7
20190818,9,1316A,54.0,22.0,16.0,57.0,50.0,13.0,17.0,38.0,40.0,99.0,191.0,50.0,80.0,0.9,0.7
20190818,10,1316A,53.0,22.0,17.0,55.0,50.0,9.0,17.0,36.0,41.0,121.0,191.0,58.0,80.0,0.8,0.7
20190818,11,1316A,52.0,24.0,17.0,54.0,52.0,13.0,17.0,43.0,41.0,122.0,191.0,67.0,80.0,0.8,0.7
20190818,12,1316A,60.0,22.0,17.0,67.0,53.0,11.0,18.0,24.0,41.0,168.0,191.0,82.0,82.0,0.7,0.7
20190818,13,1316A,94.0,24.0,17.0,51.0,54.0,4.0,18.0,14.0,41.0,195.0,195.0,101.0,101.0,0.7,0.7
20190818,14,1316A,109.0,25.0,18.0,55.0,54.0,4.0,18.0,13.0,40.0,217.0,217.0,125.0,125.0,0.8,0.7
20190818,15,1316A,107.0,23.0,18.0,46.0,54.0,4.0,18.0,11.0,40.0,214.0,217.0,148.0,148.0,0.7,0.7
20190818,16,1316A,98.0,22.0,18.0,47.0,54.0,5.0,18.0,13.0,40.0,198.0,217.0,167.0,167.0,0.6,0.7
20190818,17,1316A,85.0,20.0,19.0,39.0,54.0,4.0,18.0,14.0,40.0,188.0,217.0,178.0,178.0,0.6,0.7
20190818,18,1316A,77.0,20.0,19.0,46.0,54.0,4.0,18.0,16.0,40.0,181.0,217.0,185.0,185.0,0.6,0.7
20190818,19,1316A,62.0,20.0,19.0,47.0,54.0,4.0,18.0,19.0,39.0,169.0,217.0,191.0,191.0,0.6,0.7
20190818,20,1316A,54.0,19.0,19.0,51.0,53.0,4.0,17.0,22.0,39.0,163.0,217.0,191.0,191.0,0.7,0.7
20190818,21,1316A,50.0,18.0,20.0,50.0,54.0,4.0,16.0,30.0,39.0,140.0,217.0,184.0,191.0,0.7,0.7
20190818,22,1316A,52.0,18.0,20.0,54.0,54.0,4.0,15.0,30.0,38.0,136.0,217.0,174.0,191.0,0.7,0.7
20190818,23,1316A,51.0,18.0,20.0,51.0,54.0,4.0,13.0,26.0,38.0,138.0,217.0,164.0,191.0,0.7,0.7
20190819,0,1316A,48.0,18.0,20.0,48.0,54.0,4.0,13.0,22.0,37.0,140.0,217.0,157.0,191.0,0.7,0.7
20190819,1,1316A,46.0,18.0,20.0,46.0,54.0,5.0,13.0,20.0,36.0,147.0,217.0,147.0,147.0,0.7,0.7
20190819,2,1316A,54.0,19.0,20.0,58.0,54.0,5.0,13.0,26.0,35.0,139.0,217.0,143.0,147.0,0.8,0.7
20190819,3,1316A,55.0,20.0,21.0,60.0,55.0,5.0,13.0,28.0,33.0,130.0,217.0,139.0,147.0,0.8,0.7
20190819,4,1316A,54.0,21.0,21.0,58.0,55.0,5.0,12.0,22.0,31.0,138.0,217.0,138.0,147.0,0.8,0.8
20190819,5,1316A,52.0,22.0,21.0,54.0,54.0,5.0,10.0,26.0,30.0,121.0,217.0,135.0,147.0,0.8,0.8
20190819,6,1316A,55.0,23.0,21.0,59.0,54.0,5.0,8.0,26.0,28.0,109.0,217.0,131.0,147.0,0.8,0.8
20190819,7,1316A,53.0,24.0,21.0,55.0,53.0,5.0,7.0,34.0,26.0,98.0,217.0,126.0,147.0,0.8,0.8
20190819,8,1316A,51.0,24.0,21.0,51.0,52.0,5.0,6.0,35.0,24.0,95.0,217.0,122.0,147.0,0.8,0.7
20190819,9,1316A,47.0,22.0,21.0,47.0,52.0,6.0,5.0,36.0,24.0,98.0,217.0,116.0,147.0,0.7,0.7
20190819,10,1316A,50.0,21.0,21.0,50.0,52.0,4.0,5.0,33.0,24.0,112.0,217.0,113.0,147.0,0.8,0.7
20190819,11,1316A,45.0,23.0,21.0,35.0,51.0,4.0,5.0,21.0,23.0,143.0,217.0,114.0,147.0,0.6,0.7
20190819,12,1316A,57.0,21.0,21.0,42.0,50.0,4.0,4.0,16.0,23.0,165.0,217.0,118.0,147.0,0.6,0.7
20190819,13,1316A,80.0,19.0,21.0,47.0,50.0,4.0,4.0,13.0,23.0,184.0,217.0,126.0,147.0,0.6,0.7
20190819,14,1316A,97.0,20.0,21.0,45.0,49.0,4.0,4.0,12.0,23.0,197.0,214.0,136.0,147.0,0.6,0.7
20190819,15,1316A,101.0,20.0,20.0,50.0,50.0,3.0,4.0,13.0,23.0,202.0,202.0,150.0,150.0,0.7,0.7
20190819,16,1316A,92.0,20.0,20.0,48.0,50.0,3.0,4.0,15.0,23.0,193.0,202.0,162.0,162.0,0.7,0.7
20190819,17,1316A,90.0,21.0,20.0,54.0,50.0,3.0,4.0,14.0,23.0,192.0,202.0,174.0,174.0,0.7,0.7
20190819,18,1316A,78.0,21.0,20.0,43.0,50.0,2.0,4.0,16.0,23.0,182.0,202.0,182.0,182.0,0.6,0.7
20190819,19,1316A,64.0,20.0,20.0,55.0,50.0,3.0,4.0,19.0,23.0,171.0,202.0,186.0,186.0,0.6,0.7
20190819,20,1316A,52.0,20.0,20.0,48.0,50.0,3.0,4.0,21.0,23.0,161.0,202.0,185.0,186.0,0.6,0.7
20190819,21,1316A,50.0,20.0,21.0,50.0,50.0,3.0,4.0,24.0,23.0,150.0,202.0,181.0,186.0,0.7,0.7
20190819,22,1316A,53.0,19.0,21.0,55.0,50.0,3.0,4.0,22.0,22.0,147.0,202.0,175.0,186.0,0.7,0.7
20190819,23,1316A,52.0,19.0,21.0,54.0,50.0,3.0,4.0,22.0,22.0,144.0,202.0,168.0,186.0,0.7,0.7
20190820,0,1316A,48.0,20.0,21.0,48.0,50.0,3.0,4.0,21.0,22.0,135.0,202.0,160.0,186.0,0.7,0.7
20190820,1,1316A,54.0,20.0,21.0,58.0,51.0,4.0,4.0,23.0,22.0,128.0,202.0,128.0,128.0,0.7,0.7
20190820,2,1316A,53.0,21.0,21.0,55.0,51.0,4.0,4.0,26.0,22.0,118.0,202.0,123.0,128.0,0.7,0.7
20190820,3,1316A,46.0,21.0,21.0,46.0,50.0,3.0,4.0,22.0,22.0,115.0,202.0,120.0,128.0,0.6,0.7
20190820,4,1316A,43.0,20.0,21.0,43.0,50.0,3.0,4.0,18.0,22.0,110.0,202.0,118.0,128.0,0.6,0.7
20190820,5,1316A,47.0,20.0,21.0,47.0,49.0,3.0,4.0,24.0,22.0,99.0,202.0,114.0,128.0,0.6,0.7
20190820,6,1316A,49.0,19.0,21.0,49.0,49.0,4.0,4.0,28.0,22.0,90.0,202.0,110.0,128.0,0.6,0.7
20190820,7,1316A,45.0,19.0,20.0,45.0,49.0,5.0,4.0,30.0,22.0,86.0,202.0,107.0,128.0,0.7,0.7
20190820,8,1316A,46.0,19.0,20.0,46.0,48.0,6.0,4.0,32.0,22.0,80.0,202.0,103.0,128.0,0.7,0.7
20190820,9,1316A,54.0,18.0,20.0,57.0,49.0,9.0,4.0,27.0,21.0,87.0,202.0,98.0,128.0,0.6,0.7
20190820,10,1316A,49.0,19.0,20.0,49.0,49.0,11.0,4.0,26.0,21.0,102.0,202.0,96.0,128.0,0.7,0.7
20190820,11,1316A,55.0,21.0,20.0,59.0,50.0,15.0,4.0,23.0,21.0,130.0,202.0,98.0,128.0,0.8,0.7
20190820,12,1316A,65.0,23.0,20.0,60.0,50.0,17.0,5.0,19.0,21.0,172.0,202.0,106.0,128.0,0.8,0.7
20190820,13,1316A,95.0,24.0,20.0,63.0,51.0,6.0,5.0,15.0,21.0,196.0,202.0,118.0,128.0,0.8,0.7
20190820,14,1316A,102.0,26.0,20.0,64.0,52.0,4.0,5.0,15.0,21.0,204.0,204.0,132.0,132.0,0.8,0.7
20190820,15,1316A,110.0,27.0,21.0,65.0,53.0,4.0,5.0,15.0,22.0,219.0,219.0,149.0,149.0,0.9,0.7
20190820,16,1316A,109.0,26.0,21.0,58.0,53.0,5.0,5.0,16.0,22.0,218.0,219.0,166.0,166.0,0.9,0.7
20190820,17,1316A,104.0,28.0,21.0,69.0,54.0,4.0,5.0,17.0,22.0,208.0,219.0,181.0,181.0,0.9,0.7
20190820,18,1316A,93.0,29.0,22.0,74.0,55.0,3.0,5.0,20.0,22.0,194.0,219.0,193.0,193.0,0.9,0.7
20190820,19,1316A,77.0,30.0,22.0,75.0,56.0,3.0,5.0,25.0,22.0,181.0,219.0,199.0,199.0,0.9,0.7
20190820,20,1316A,59.0,31.0,22.0,67.0,56.0,3.0,5.0,27.0,22.0,164.0,219.0,198.0,199.0,0.9,0.7
20190820,21,1316A,59.0,32.0,23.0,68.0,57.0,4.0,5.0,26.0,22.0,155.0,219.0,193.0,199.0,1.0,0.8
20190820,22,1316A,59.0,33.0,24.0,67.0,58.0,3.0,5.0,32.0,23.0,138.0,219.0,185.0,199.0,1.0,0.8
20190820,23,1316A,62.0,35.0,24.0,74.0,59.0,2.0,5.0,50.0,24.0,102.0,219.0,170.0,199.0,1.0,0.8
20190821,0,1316A,76.0,38.0,25.0,102.0,61.0,2.0,5.0,37.0,25.0,114.0,219.0,157.0,199.0,0.9,0.8
20190821,1,1316A,79.0,45.0,26.0,108.0,63.0,3.0,5.0,26.0,25.0,133.0,219.0,133.0,133.0,0.9,0.8
20190821,2,1316A,69.0,41.0,27.0,87.0,64.0,2.0,5.0,24.0,25.0,138.0,219.0,136.0,136.0,0.9,0.8
20190821,3,1316A,58.0,41.0,28.0,66.0,65.0,3.0,5.0,26.0,25.0,80.0,219.0,117.0,136.0,1.1,0.8
20190821,4,1316A,65.0,47.0,29.0,78.0,67.0,3.0,5.0,27.0,25.0,82.0,219.0,108.0,136.0,1.1,0.8
20190821,5,1316A,81.0,47.0,30.0,111.0,69.0,2.0,5.0,49.0,26.0,26.0,219.0,92.0,136.0,1.0,0.9
20190821,6,1316A,74.0,43.0,31.0,98.0,71.0,2.0,5.0,30.0,26.0,34.0,219.0,82.0,136.0,0.9,0.9
20190821,7,1316A,63.0,45.0,32.0,67.0,72.0,2.0,5.0,28.0,26.0,36.0,219.0,76.0,136.0,0.9,0.9
20190821,8,1316A,57.0,40.0,33.0,48.0,72.0,2.0,5.0,28.0,26.0,48.0,219.0,72.0,136.0,0.8,0.9
20190821,9,1316A,57.0,40.0,34.0,33.0,71.0,1.0,4.0,27.0,26.0,70.0,219.0,64.0,136.0,1.2,0.9
20190821,10,1316A,69.0,50.0,,,,,,,,,,,,,
20190822,3,1316A,82.0,53.0,42.0,113.0,64.0,3.0,2.0,38.0,30.0,51.0,107.0,49.0,64.0,1.1,1.0
20190822,14,1316A,100.0,36.0,44.0,37.0,68.0,4.0,3.0,13.0,30.0,200.0,200.0,115.0,115.0,0.9,1.0
20190822,15,1316A,,,44.0,,69.0,,3.0,12.0,30.0,189.0,200.0,132.0,132.0,0.8,1.0
20190822,16,1316A,87.0,24.0,43.0,,70.0,3.0,3.0,17.0,30.0,189.0,200.0,148.0,148.0,,1.0
20190822,20,1316A,47.0,22.0,41.0,47.0,73.0,3.0,3.0,34.0,30.0,130.0,200.0,176.0,180.0,0.8,1.0
20190822,21,1316A,54.0,23.0,41.0,58.0,72.0,3.0,3.0,43.0,30.0,112.0,200.0,166.0,180.0,0.7,1.0
20190823,8,1316A,50.0,28.0,32.0,50.0,60.0,5.0,4.0,54.0,40.0,109.0,200.0,66.0,66.0,0.9,0.9
20190825,8,1316A,58.0,39.0,40.0,66.0,81.0,8.0,8.0,33.0,30.0,54.0,256.0,70.0,77.0,1.1,1.0
20190825,10,1316A,62.0,39.0,41.0,73.0,80.0,9.0,8.0,36.0,28.0,56.0,256.0,65.0,77.0,1.2,1.0
20190825,11,1316A,60.0,37.0,41.0,70.0,80.0,9.0,8.0,34.0,28.0,58.0,256.0,63.0,77.0,1.1,1.0
20190825,12,1316A,58.0,37.0,41.0,65.0,80.0,8.0,8.0,30.0,28.0,76.0,256.0,63.0,77.0,1.2,1.1
20190825,13,1316A,57.0,40.0,41.0,62.0,79.0,7.0,8.0,26.0,28.0,116.0,256.0,68.0,77.0,1.3,1.1
20190825,14,1316A,61.0,40.0,41.0,71.0,79.0,5.0,8.0,24.0,28.0,131.0,222.0,76.0,77.0,1.2,1.1
20190825,15,1316A,68.0,42.0,41.0,86.0,80.0,5.0,8.0,25.0,29.0,124.0,208.0,84.0,84.0,1.3,1.1
20190825,16,1316A,61.0,43.0,42.0,71.0,80.0,5.0,8.0,26.0,29.0,132.0,205.0,93.0,93.0,1.2,1.1
20190825,17,1316A,57.0,40.0,41.0,58.0,78.0,5.0,8.0,25.0,29.0,143.0,198.0,104.0,104.0,1.3,1.1
20190825,18,1316A,54.0,38.0,41.0,53.0,76.0,4.0,8.0,25.0,29.0,140.0,170.0,115.0,115.0,1.3,1.1
20190825,19,1316A,52.0,36.0,41.0,54.0,74.0,4.0,8.0,28.0,29.0,124.0,167.0,123.0,123.0,1.4,1.1
20190825,20,1316A,120.0,41.0,41.0,190.0,79.0,4.0,8.0,34.0,29.0,100.0,151.0,126.0,126.0,1.7,1.2
20190825,21,1316A,75.0,46.0,41.0,100.0,79.0,4.0,7.0,36.0,29.0,97.0,143.0,124.0,126.0,1.8,1.2
20190825,22,1316A,76.0,50.0,41.0,101.0,78.0,4.0,7.0,34.0,29.0,101.0,143.0,120.0,126.0,1.7,1.2
20190825,23,1316A,77.0,56.0,41.0,100.0,78.0,4.0,7.0,28.0,29.0,92.0,143.0,116.0,126.0,1.8,1.3
20190826,0,1316A,87.0,64.0,42.0,108.0,80.0,4.0,7.0,32.0,29.0,73.0,143.0,109.0,126.0,1.9,1.3
20190826,1,1316A,94.0,70.0,43.0,117.0,81.0,4.0,6.0,36.0,29.0,67.0,143.0,67.0,67.0,2.1,1.3
20190826,2,1316A,95.0,70.0,44.0,139.0,83.0,4.0,6.0,33.0,29.0,71.0,143.0,69.0,69.0,2.1,1.4
20190826,3,1316A,92.0,68.0,45.0,123.0,85.0,4.0,6.0,30.0,29.0,71.0,143.0,70.0,70.0,2.1,1.4
20190826,4,1316A,84.0,62.0,46.0,94.0,86.0,4.0,6.0,24.0,29.0,88.0,143.0,74.0,74.0,2.1,1.5
20190826,5,1316A,78.0,57.0,47.0,80.0,87.0,5.0,6.0,24.0,29.0,88.0,143.0,77.0,77.0,2.2,1.5
20190826,6,1316A,78.0,57.0,48.0,79.0,87.0,6.0,6.0,27.0,30.0,78.0,143.0,77.0,77.0,2.2,1.6
20190826,7,1316A,78.0,57.0,49.0,83.0,88.0,8.0,6.0,30.0,30.0,72.0,143.0,76.0,77.0,2.3,1.6
20190826,8,1316A,78.0,57.0,49.0,88.0,89.0,8.0,6.0,37.0,30.0,68.0,143.0,75.0,77.0,2.2,1.7
20190826,9,1316A,77.0,56.0,50.0,83.0,90.0,10.0,6.0,36.0,30.0,75.0,143.0,76.0,77.0,2.1,1.7
20190826,10,1316A,73.0,53.0,51.0,83.0,90.0,10.0,6.0,38.0,30.0,101.0,143.0,80.0,80.0,2.0,1.7
20190826,11,1316A,67.0,48.0,51.0,82.0,90.0,9.0,6.0,36.0,30.0,136.0,143.0,88.0,88.0,1.8,1.8
20190826,12,1316A,64.0,46.0,52.0,77.0,91.0,7.0,6.0,37.0,30.0,165.0,165.0,98.0,98.0,1.7,1.8
20190826,13,1316A,106.0,37.0,51.0,67.0,91.0,5.0,6.0,21.0,30.0,211.0,211.0,113.0,113.0,1.4,1.8
20190826,14,1316A,112.0,33.0,51.0,42.0,90.0,4.0,5.0,17.0,30.0,224.0,224.0,132.0,132.0,1.2,1.8
20190826,15,1316A,108.0,27.0,50.0,46.0,88.0,2.0,5.0,13.0,29.0,215.0,224.0,149.0,149.0,1.2,1.8
20190826,16,1316A,104.0,29.0,50.0,39.0,87.0,2.0,5.0,18.0,29.0,207.0,224.0,167.0,167.0,1.2,1.8
20190826,17,1316A,89.0,30.0,50.0,64.0,87.0,2.0,5.0,20.0,29.0,191.0,224.0,181.0,181.0,1.1,1.8
20190826,18,1316A,54.0,27.0,49.0,58.0,87.0,2.0,5.0,22.0,29.0,161.0,224.0,189.0,189.0,1.0,1.8
20190826,19,1316A,51.0,28.0,49.0,52.0,87.0,2.0,5.0,25.0,29.0,151.0,224.0,191.0,191.0,1.0,1.7
20190826,20,1316A,56.0,28.0,48.0,62.0,82.0,2.0,5.0,28.0,28.0,142.0,224.0,188.0,191.0,0.9,1.7
20190826,21,1316A,63.0,30.0,48.0,76.0,81.0,2.0,5.0,30.0,28.0,134.0,224.0,178.0,191.0,1.0,1.7
20190826,22,1316A,62.0,31.0,47.0,73.0,80.0,2.0,5.0,39.0,28.0,112.0,224.0,164.0,191.0,0.9,1.6
20190826,23,1316A,65.0,35.0,46.0,79.0,79.0,2.0,5.0,41.0,29.0,104.0,224.0,150.0,191.0,1.0,1.6
20190827,0,1316A,66.0,38.0,45.0,82.0,78.0,3.0,5.0,45.0,29.0,94.0,224.0,136.0,191.0,1.0,1.6
20190827,1,1316A,73.0,48.0,44.0,96.0,77.0,4.0,5.0,30.0,29.0,111.0,224.0,111.0,111.0,1.0,1.5
20190827,2,1316A,82.0,48.0,43.0,113.0,76.0,4.0,5.0,26.0,29.0,97.0,224.0,104.0,111.0,1.0,1.5
20190827,3,1316A,78.0,48.0,42.0,106.0,75.0,5.0,5.0,26.0,29.0,81.0,224.0,96.0,111.0,1.0,1.4
20190827,4,1316A,79.0,50.0,42.0,108.0,76.0,5.0,5.0,24.0,29.0,69.0,224.0,90.0,111.0,1.0,1.4
20190827,5,1316A,67.0,48.0,41.0,84.0,76.0,4.0,5.0,24.0,29.0,66.0,224.0,85.0,111.0,1.1,1.3
20190827,6,1316A,67.0,48.0,41.0,80.0,76.0,5.0,5.0,25.0,29.0,60.0,224.0,81.0,111.0,1.1,1.3
20190827,7,1316A,62.0,44.0,40.0,70.0,75.0,5.0,4.0,29.0,29.0,61.0,224.0,78.0,111.0,1.2,1.3
20190827,8,1316A,57.0,40.0,40.0,53.0,74.0,5.0,4.0,38.0,29.0,71.0,224.0,77.0,111.0,1.0,1.2
20190827,9,1316A,57.0,40.0,39.0,58.0,73.0,5.0,4.0,44.0,29.0,68.0,224.0,72.0,111.0,1.0,1.2
20190827,10,1316A,50.0,35.0,38.0,38.0,71.0,4.0,4.0,39.0,29.0,91.0,224.0,71.0,111.0,1.0,1.1
20190827,11,1316A,53.0,37.0,38.0,45.0,70.0,4.0,4.0,45.0,29.0,89.0,224.0,72.0,111.0,1.0,1.1
20190827,12,1316A,69.0,45.0,38.0,87.0,70.0,4.0,4.0,48.0,30.0,71.0,224.0,72.0,111.0,1.3,1.1
20190827,13,1316A,75.0,54.0,38.0,100.0,71.0,7.0,4.0,38.0,31.0,87.0,224.0,75.0,111.0,1.7,1.1
20190827,14,1316A,79.0,58.0,39.0,106.0,74.0,6.0,4.0,34.0,31.0,92.0,215.0,79.0,111.0,1.6,1.1
20190827,15,1316A,68.0,47.0,40.0,85.0,76.0,5.0,4.0,36.0,32.0,86.0,207.0,82.0,111.0,1.3,1.1
20190827,16,1316A,46.0,32.0,40.0,18.0,75.0,4.0,4.0,32.0,33.0,95.0,191.0,85.0,111.0,1.3,1.1
20190827,17,1316A,40.0,28.0,40.0,13.0,73.0,4.0,4.0,33.0,33.0,100.0,161.0,89.0,111.0,1.1,1.1
20190827,18,1316A,36.0,25.0,40.0,25.0,71.0,3.0,4.0,35.0,34.0,96.0,151.0,90.0,111.0,1.0,1.1
20190827,19,1316A,38.0,25.0,40.0,38.0,71.0,2.0,4.0,45.0,35.0,83.0,142.0,89.0,111.0,1.0,1.1
20190827,20,1316A,42.0,25.0,40.0,42.0,70.0,2.0,4.0,45.0,35.0,77.0,134.0,90.0,111.0,0.9,1.1
20190827,21,1316A,43.0,25.0,40.0,43.0,68.0,2.0,4.0,50.0,36.0,63.0,112.0,86.0,111.0,0.9,1.1
20190827,22,1316A,42.0,25.0,40.0,42.0,67.0,3.0,4.0,56.0,37.0,51.0,111.0,81.0,111.0,0.9,1.1
20190827,23,1316A,49.0,26.0,39.0,49.0,66.0,3.0,4.0,77.0,38.0,26.0,111.0,74.0,111.0,1.0,1.1
20190828,0,1316A,52.0,25.0,39.0,54.0,65.0,5.0,4.0,71.0,40.0,23.0,111.0,65.0,90.0,1.0,1.1
20190828,1,1316A,40.0,25.0,38.0,40.0,62.0,5.0,4.0,69.0,41.0,20.0,100.0,20.0,20.0,1.0,1.1
20190828,2,1316A,45.0,23.0,37.0,45.0,60.0,4.0,4.0,47.0,42.0,44.0,100.0,32.0,32.0,0.8,1.1
20190828,3,1316A,38.0,23.0,36.0,38.0,57.0,4.0,4.0,37.0,43.0,50.0,100.0,38.0,38.0,0.8,1.1
20190828,4,1316A,45.0,25.0,34.0,45.0,54.0,3.0,4.0,34.0,43.0,49.0,100.0,41.0,41.0,0.8,1.1
20190828,5,1316A,41.0,27.0,34.0,41.0,52.0,4.0,4.0,29.0,43.0,55.0,100.0,44.0,44.0,0.9,1.1
20190828,6,1316A,46.0,32.0,33.0,45.0,51.0,4.0,4.0,29.0,43.0,58.0,100.0,46.0,46.0,1.0,1.1
20190828,7,1316A,49.0,32.0,32.0,49.0,50.0,6.0,4.0,30.0,43.0,60.0,100.0,48.0,48.0,1.2,1.1
20190828,8,1316A,51.0,33.0,32.0,51.0,50.0,8.0,4.0,39.0,43.0,57.0,100.0,49.0,49.0,1.2,1.1
20190828,9,1316A,51.0,31.0,32.0,51.0,50.0,10.0,4.0,34.0,43.0,72.0,100.0,56.0,56.0,1.2,1.1
20190828,10,1316A,54.0,29.0,32.0,58.0,50.0,10.0,5.0,28.0,43.0,92.0,100.0,62.0,62.0,1.1,1.1
20190828,11,1316A,54.0,29.0,31.0,57.0,51.0,11.0,5.0,29.0,42.0,117.0,117.0,70.0,70.0,1.2,1.1
20190828,12,1316A,48.0,26.0,30.0,45.0,49.0,8.0,5.0,18.0,41.0,151.0,151.0,83.0,83.0,0.8,1.1
20190828,13,1316A,62.0,26.0,29.0,,47.0,,5.0,17.0,40.0,169.0,169.0,97.0,97.0,0.7,1.0
20190828,14,1316A,79.0,28.0,28.0,,44.0,,5.0,13.0,39.0,183.0,183.0,113.0,113.0,0.7,1.0
20190828,15,1316A,74.0,24.0,27.0,48.0,43.0,,5.0,14.0,38.0,179.0,183.0,128.0,128.0,0.6,1.0
20190828,16,1316A,75.0,21.0,27.0,43.0,44.0,7.0,5.0,,38.0,180.0,183.0,143.0,143.0,0.8,0.9
20190828,17,1316A,57.0,20.0,26.0,42.0,45.0,6.0,5.0,,38.0,165.0,183.0,154.0,154.0,0.7,0.9
20190828,18,1316A,45.0,18.0,26.0,36.0,46.0,5.0,5.0,,39.0,141.0,183.0,161.0,161.0,0.8,0.9
20190828,19,1316A,39.0,20.0,26.0,39.0,46.0,5.0,5.0,54.0,39.0,111.0,183.0,160.0,161.0,,0.9
20190828,20,1316A,40.0,20.0,26.0,40.0,46.0,5.0,6.0,68.0,40.0,84.0,183.0,152.0,161.0,,0.9
20190828,21,1316A,43.0,20.0,25.0,43.0,46.0,6.0,6.0,83.0,42.0,,183.0,149.0,161.0,0.7,0.9
20190828,22,1316A,53.0,20.0,25.0,56.0,46.0,6.0,6.0,68.0,42.0,,183.0,143.0,161.0,0.7,0.9
20190828,23,1316A,53.0,18.0,25.0,56.0,46.0,9.0,6.0,42.0,41.0,84.0,183.0,128.0,161.0,0.8,0.9
20190829,0,1316A,51.0,20.0,25.0,51.0,46.0,9.0,6.0,38.0,39.0,88.0,183.0,112.0,161.0,0.9,0.9
20190829,1,1316A,56.0,22.0,24.0,62.0,47.0,12.0,7.0,30.0,37.0,100.0,183.0,100.0,100.0,0.9,0.9
20190829,2,1316A,58.0,23.0,24.0,66.0,48.0,16.0,7.0,29.0,36.0,98.0,183.0,99.0,100.0,1.0,0.9
20190829,3,1316A,56.0,24.0,24.0,61.0,49.0,15.0,8.0,28.0,36.0,94.0,183.0,97.0,100.0,1.0,0.9
20190829,4,1316A,55.0,25.0,24.0,59.0,50.0,11.0,8.0,31.0,36.0,83.0,183.0,94.0,100.0,1.0,0.9
20190829,5,1316A,52.0,25.0,24.0,54.0,51.0,9.0,8.0,39.0,36.0,68.0,183.0,89.0,100.0,1.0,0.9
20190829,6,1316A,47.0,22.0,24.0,47.0,51.0,10.0,9.0,32.0,36.0,78.0,183.0,87.0,100.0,0.8,0.9
20190829,7,1316A,32.0,22.0,24.0,32.0,50.0,12.0,9.0,33.0,37.0,67.0,183.0,84.0,100.0,0.7,0.9
20190829,8,1316A,36.0,21.0,23.0,36.0,49.0,14.0,9.0,36.0,36.0,57.0,183.0,81.0,100.0,0.8,0.9
20190829,9,1316A,46.0,19.0,23.0,46.0,49.0,14.0,10.0,30.0,36.0,67.0,183.0,76.0,100.0,0.8,0.8
20190829,10,1316A,48.0,16.0,22.0,48.0,48.0,8.0,9.0,22.0,36.0,79.0,183.0,74.0,100.0,0.6,0.8
20190829,11,1316A,36.0,15.0,21.0,36.0,48.0,7.0,9.0,22.0,36.0,91.0,183.0,74.0,100.0,0.6,0.8
20190829,12,1316A,36.0,13.0,21.0,36.0,47.0,5.0,9.0,14.0,35.0,110.0,183.0,77.0,100.0,0.5,0.8
20190829,13,1316A,41.0,12.0,20.0,25.0,46.0,,9.0,13.0,35.0,129.0,183.0,85.0,100.0,0.5,0.8
20190829,14,1316A,48.0,13.0,20.0,26.0,45.0,,9.0,15.0,35.0,153.0,180.0,94.0,100.0,0.6,0.8
20190829,15,1316A,58.0,12.0,19.0,34.0,45.0,5.0,9.0,,36.0,166.0,180.0,106.0,106.0,0.6,0.8
20190829,16,1316A,64.0,12.0,19.0,32.0,44.0,5.0,9.0,,36.0,171.0,171.0,121.0,121.0,0.6,0.8
20190829,17,1316A,57.0,12.0,18.0,38.0,44.0,5.0,9.0,21.0,36.0,165.0,171.0,133.0,133.0,,0.8
20190829,18,1316A,47.0,12.0,18.0,38.0,44.0,5.0,9.0,28.0,35.0,149.0,171.0,142.0,142.0,,0.8
20190829,19,1316A,43.0,12.0,18.0,43.0,44.0,4.0,9.0,35.0,34.0,,171.0,149.0,149.0,0.6,0.7
20190829,20,1316A,41.0,11.0,18.0,41.0,44.0,5.0,9.0,42.0,33.0,,171.0,156.0,156.0,0.7,0.7
20190829,21,1316A,44.0,11.0,17.0,44.0,44.0,5.0,9.0,41.0,31.0,,171.0,161.0,161.0,0.6,0.7
20190829,22,1316A,,,17.0,,44.0,5.0,9.0,53.0,31.0,79.0,171.0,146.0,161.0,0.7,0.7
20190829,23,1316A,,,17.0,,43.0,6.0,8.0,50.0,31.0,74.0,171.0,128.0,161.0,0.6,0.7
20190830,22,1316A,56.0,20.0,19.0,61.0,57.0,23.0,10.0,61.0,49.0,93.0,229.0,177.0,202.0,0.6,0.6
20190831,0,1316A,63.0,24.0,19.0,75.0,58.0,22.0,11.0,80.0,51.0,60.0,229.0,141.0,202.0,0.7,0.6
20190831,1,1316A,70.0,26.0,20.0,90.0,60.0,15.0,12.0,93.0,52.0,36.0,229.0,36.0,36.0,0.7,0.6
20190831,2,1316A,65.0,26.0,20.0,79.0,61.0,14.0,12.0,112.0,54.0,18.0,229.0,27.0,36.0,0.7,0.6
20190831,3,1316A,64.0,26.0,20.0,77.0,62.0,23.0,13.0,86.0,56.0,39.0,229.0,31.0,36.0,0.6,0.6
20190831,4,1316A,58.0,26.0,20.0,66.0,63.0,24.0,14.0,74.0,56.0,48.0,229.0,35.0,36.0,0.6,0.6
20190831,5,1316A,52.0,25.0,21.0,54.0,64.0,45.0,15.0,50.0,55.0,75.0,229.0,43.0,43.0,0.5,0.6
20190831,6,1316A,53.0,27.0,21.0,56.0,63.0,79.0,18.0,64.0,54.0,56.0,229.0,45.0,45.0,0.6,0.6
20190831,7,1316A,61.0,26.0,22.0,72.0,63.0,22.0,19.0,99.0,54.0,11.0,229.0,40.0,45.0,0.7,0.6
20190831,8,1316A,65.0,23.0,22.0,79.0,63.0,7.0,19.0,98.0,55.0,14.0,229.0,37.0,45.0,0.7,0.6
20190831,9,1316A,63.0,28.0,22.0,75.0,64.0,12.0,19.0,85.0,56.0,43.0,229.0,38.0,45.0,0.7,0.6
20190831,10,1316A,59.0,28.0,22.0,67.0,64.0,11.0,19.0,62.0,56.0,87.0,229.0,47.0,47.0,0.7,0.6
20190831,11,1316A,55.0,27.0,23.0,59.0,64.0,10.0,19.0,43.0,57.0,126.0,229.0,58.0,58.0,0.6,0.6
20190831,12,1316A,48.0,25.0,23.0,46.0,64.0,9.0,19.0,31.0,57.0,153.0,229.0,71.0,71.0,0.6,0.6
20190831,13,1316A,82.0,24.0,23.0,50.0,64.0,7.0,19.0,19.0,57.0,185.0,229.0,84.0,84.0,0.5,0.6
20190831,14,1316A,104.0,25.0,23.0,43.0,63.0,7.0,19.0,19.0,57.0,208.0,229.0,103.0,103.0,0.5,0.6
20190831,15,1316A,92.0,22.0,23.0,54.0,64.0,6.0,19.0,16.0,57.0,193.0,229.0,126.0,126.0,0.4,0.6
20190831,16,1316A,80.0,22.0,23.0,32.0,63.0,5.0,19.0,14.0,56.0,184.0,229.0,147.0,147.0,0.4,0.6
20190831,17,1316A,54.0,,24.0,48.0,63.0,5.0,19.0,16.0,56.0,163.0,208.0,162.0,162.0,0.4,0.6
20190831,18,1316A,47.0,,24.0,39.0,62.0,4.0,19.0,19.0,55.0,150.0,208.0,170.0,170.0,0.4,0.6
20190831,19,1316A,45.0,,24.0,40.0,61.0,4.0,19.0,24.0,54.0,141.0,208.0,172.0,172.0,0.4,0.6
20190831,20,1316A,40.0,,24.0,40.0,60.0,4.0,18.0,30.0,54.0,128.0,208.0,169.0,172.0,0.4,0.6
20190831,21,1316A,42.0,7.0,24.0,42.0,59.0,4.0,16.0,41.0,54.0,114.0,208.0,160.0,172.0,0.5,0.6
20190831,22,1316A,58.0,9.0,23.0,65.0,59.0,4.0,16.0,54.0,54.0,101.0,208.0,147.0,172.0,0.5,0.6
